##BLOCKS= 1          
Plate:	Plate#1	1.3	PlateFormat	Endpoint	Absorbance	Raw	FALSE	1						1	750	1	12	96	1	8	None	
	Temperature(¡C)	1	2	3	4	5	6	7	8	9	10	11	12		
	23.10	0.2789	0.1796	0.1172	0.0879	0.0715	0.0559	0.248	0.1734	0.1161	0.0839	0.0682	0.0547		
		0.2055	0.213	0.0969	0.0949	0.2549	0.2337	0.1027	0.1043	0.2321	0.225	0.0985	0.0942		
		0.0509	0.0609	0.0881	0.0988	0.0818	0.0889	0.0723	0.0798	0.01	0.0202	0.011	0.0333		
		-0.0032	0.0114	-0.0025	0.0118	-0.0042	0.0121	-0.0043	0.0098	-0.0043	0.0119	-0.0049	0.0121		
		-0.016	-0.0104	-0.0136	-0.0098	-0.0119	-0.0088	-0.0141	-0.0098	-0.0144	-0.0079	-0.0145	-0.0072		
		-0.0202	-0.0202	-0.0192	-0.0179	-0.0174	-0.0126	-0.0186	-0.0171	-0.0195	-0.0174	-0.0199	-0.0169		
		-0.0206	-0.0231	-0.0201	-0.0204	-0.0197	-0.02	-0.0186	-0.0196	-0.0189	-0.0211	-0.0194	-0.02		
		-0.0217	-0.022	-0.0195	-0.0202	-0.0201	-0.0198	-0.0194	-0.0201	-0.0196	-0.0193	-0.02	-0.0172		
		
~End
Original Filename: Data 01-06-17-125415.pda   Date Last Saved: 1/6/2017
