##BLOCKS= 1          
Plate:	Plate#1	1.3	PlateFormat	Endpoint	Absorbance	Raw	FALSE	1						1	750	1	12	96	1	8	None	
	Temperature(¡C)	1	2	3	4	5	6	7	8	9	10	11	12		
	23.80	0.2236	0.2284	0.1225	0.0972	0.0742	0.0552	0.3222	0.2029	0.1436	0.098	0.0742	0.0544		
		0.1848	0.1868	0.149	0.1939	0.1702	0.161	0.1327	0.1056	0.1049	0.0323	0.0286	0.031		
		0.1651	0.1665	0.136	0.1779	0.1621	0.153	0.1161	0.0969	0.0889	0.0297	0.019	0.0282		
		0.0008	0.0192	0.0071	0.0191	0.0069	0.0196	0.0068	0.02	0.1168	0.019	0.0053	0.0192		
		0.064	0.0972	0.1187	0.1004	0.1457	0.1665	0.1196	0.0598	-0.0016	0.1033	0.1063	0.1533		
		0.0686	0.0847	0.0979	0.1	0.1492	0.1557	0.1121	0.0541	0.103	0.0885	0.0937	0.1459		
		0.0915	0.0836	0.0847	0.2083	0.1009	0.0982	0.0979	0.1423	-0.0105	-0.0129	-0.0062	-0.0132		
		0.0835	0.0876	0.0774	0.1649	0.0969	0.0948	0.0892	0.1484	-0.0135	-0.0122	-0.0146	-0.0146		
		
~End
Original Filename: Data 09-30-16-164341.pda   Date Last Saved: 9/30/2016
