##BLOCKS= 1          
Plate:	Plate#1	1.3	PlateFormat	Endpoint	Absorbance	Raw	FALSE	1						1	750	1	12	96	1	8	None	
	Temperature(¡C)	1	2	3	4	5	6	7	8	9	10	11	12		
	26.40	0.0674	0.0893	0.1142	0.1515	0.2133	0.3433	0.0733	0.0968	0.12	0.1642	0.225	0.3499		
		0.5872	0.5911	0.1482	0.1533	0.0635	0.0723	0.5788	0.566	0.1525	0.1568	0.0762	0.0785		
		0.7845	0.8237	0.2326	0.2419	0.0688	0.0842	0.7032	0.7914	0.2763	0.2372	0.0833	0.0881		
		0.0598	0.0361	0.0661	0.0817	0.0611	0.0783	0.1197	0.1406	0.0065	0.0265	0.009	0.0287		
		-0.0107	-0.0068	-0.0054	-0.0046	-0.0024	-0.0005	0.0002	0.0011	0.0024	0.0049	0.0033	0.0071		
		-0.011	-0.009	-0.0092	-0.0052	-0.0057	-0.0017	-0.0017	-0.0029	-0.002	-0.0028	-0.0017	-0.0013		
		-0.0113	-0.0131	-0.0118	-0.011	-0.0061	-0.0091	-0.0047	-0.0064	-0.0024	-0.005	0.0057	-0.0024		
		-0.0137	-0.0141	-0.0136	-0.0138	-0.0109	-0.0119	-0.0079	-0.0081	-0.0054	-0.0038	-0.006	-0.0056		
		
~End
Original Filename: Data 07-06-17-115832.pda   Date Last Saved: 7/6/2017
