##BLOCKS= 1          
Plate:	Plate#1	1.3	PlateFormat	Endpoint	Absorbance	Raw	FALSE	1						2	450 620	1	12	96	1	8	None	
	Temperature(¡C)	1	2	3	4	5	6	7	8	9	10	11	12		1	2	3	4	5	6	7	8	9	10	11	12		
	23.00	1.5096	0.0938	0.1424	0.1482	0.169	0.1532	0.6809	-0.0065	-0.0067	-0.0067	-0.0068	-0.0068		0.0325	0.0338	0.0307	0.031	0.0317	0.0307	0.031	-0.0067	-0.0069	-0.0065	-0.0068	-0.0074		
		1.3829	0.3754	0.1245	0.132	0.1556	0.1339	0.5358	-0.0194	-0.0202	-0.0197	-0.0205	-0.0198		0.0195	0.0202	0.022	0.0183	0.0176	0.0178	0.0172	-0.0193	-0.0202	-0.0189	-0.0198	-0.0197		
		0.1899	0.1925	0.1955	0.2168	0.2795	0.2621	0.6638	-0.0235	-0.0328	-0.0236	-0.0332	-0.0241		0.0072	0.0152	0.0056	0.014	0.0063	0.0147	0.0052	-0.0235	-0.0327	-0.0235	-0.0325	-0.0239		
		0.2845	0.2893	0.1895	0.1923	0.3131	0.2547	0.6286	-0.0314	-0.0466	-0.0317	-0.0471	-0.0321		-0.0077	0.0082	-0.007	0.0072	-0.01	0.0052	-0.0104	-0.0309	-0.0482	-0.0316	-0.0487	-0.0318		
		0.4834	0.5122	0.0677	0.0345	0.1316	0.0843	0.1592	-0.0533	-0.0573	-0.0532	-0.0582	-0.0532		-0.0181	-0.014	-0.0203	-0.0137	-0.02	-0.0139	-0.0205	-0.0517	-0.0582	-0.0519	-0.0579	-0.0522		
		0.6185	0.6649	0.0531	0.0262	0.1353	0.0868	0.1302	-0.0632	-0.065	-0.0633	-0.0646	-0.0632		-0.0251	-0.0235	-0.0257	-0.0242	-0.0261	-0.024	-0.026	-0.0622	-0.0632	-0.0615	-0.0635	-0.0622		
		1.1437	1.2909	0.1212	0.0442	0.297	0.181	0.304	-0.0659	-0.065	-0.0663	-0.0649	-0.0659		-0.0253	-0.0264	-0.0233	-0.0273	-0.0258	-0.0268	-0.0257	-0.0646	-0.0635	-0.0645	-0.0634	-0.0649		
		2.1684	2.4048	0.1701	0.0276	0.2894	0.1371	0.2818	-0.0669	-0.0672	-0.0672	-0.0665	-0.0669		-0.0254	-0.0252	0.0244	-0.0268	-0.0272	-0.0273	-0.0259	-0.0658	-0.0651	-0.0655	-0.0654	-0.0658		
		
~End
Original Filename: Data 01-13-17-154137.pda   Date Last Saved: 1/13/2017
