##BLOCKS= 1          
Plate:	Plate#1	1.3	PlateFormat	Endpoint	Absorbance	Raw	FALSE	1						2	450 620	1	12	96	1	8	None	
	Temperature(¡C)	1	2	3	4	5	6	7	8	9	10	11	12		1	2	3	4	5	6	7	8	9	10	11	12		
	23.60	0.3511	0.5145	0.8988	1.0808	1.7302	3.1985	2.2371	0.7439	0.1881	2.2145	0.6737	0.1754		0.0442	0.034	0.0329	0.0376	0.033	0.0346	0.0325	0.0328	0.0362	0.0345	0.0318	0.0312		
		0.8231	0.8214	0.846	0.8189	0.8275	0.8504	0.8377	0.8127	0.757	0.779	0.7454	0.8028		0.0197	0.0203	0.0217	0.021	0.0187	0.0202	0.0187	0.0207	0.019	0.0193	0.0189	0.0199		
		0.8043	0.8008	1.4467	1.3913	0.8313	0.8103	1.5129	1.3881	0.3854	0.3869	0.5629	0.5034		0.0092	0.0178	0.0077	0.0172	0.0074	0.0173	0.0073	0.0167	-0.0024	0.0184	0.0068	0.0165		
		0.5197	0.5116	0.8673	0.8146	0.404	0.4563	0.7013	0.7087	0.333	0.3741	0.4971	0.4927		-0.0058	0.0079	-0.0065	0.0077	-0.0071	0.0093	-0.0073	-0.0037	-0.0208	0.0314	-0.0041	0.007		
		0.8654	0.815	1.2484	1.3541	0.7836	0.7737	1.4952	1.3293	0.4548	0.4329	0.7396	0.7399		-0.0156	-0.0157	-0.0159	-0.0164	-0.0166	-0.0164	-0.0168	-0.0241	-0.026	-0.0148	-0.0151	-0.0262		
		0.4506	0.4255	0.7192	0.6824	0.6869	0.6918	1.1012	1.0468	0.7591	0.7429	1.289	1.3329		-0.0248	-0.0257	-0.0249	-0.0262	-0.0242	-0.0244	-0.0254	-0.0346	-0.0247	-0.0253	-0.0335	-0.0336		
		0.5988	0.5524	1.0077	1.0497	0.3886	0.3658	0.6619	0.7376	0.4251	0.4568	0.6944	0.7772		-0.025	-0.0283	-0.0259	-0.0258	-0.0257	-0.0284	-0.0343	-0.0272	-0.0256	-0.027	-0.0255	-0.0278		
		0.4091	0.4806	0.828	0.8296	0.6573	0.7119	1.2863	1.2892	0.6589	0.6358	1.1659	1.1283		-0.029	-0.029	-0.0285	-0.0277	-0.0289	-0.0383	-0.0279	-0.0284	-0.0299	-0.0308	-0.0303	-0.0296		
		
~End
Original Filename: Data 09-01-16-154829.pda   Date Last Saved: 9/1/2016
