##BLOCKS= 1          
Plate:	Plate#1	1.3	PlateFormat	Endpoint	Absorbance	Raw	FALSE	1						2	450 620	1	6	96	1	8	None	
	Temperature(¡C)	1	2	3	4	5	6	7	8	9	10	11	12		1	2	3	4	5	6	7	8	9	10	11	12		
	23.90	0.4592	0.4801	0.4472	0.2984	0.2953	0.2942								0.0344	0.0329	0.0323	0.0314	0.032	0.0325								
		2.1167	2.2588	1.9456	0.7541	0.7308	0.6718								0.0227	0.0242	0.0221	0.0212	0.0205	0.0216								
		0.2363	0.4125	0.7396	0.9105	1.8094	3.0227								0.0117	0.0182	0.0092	0.0175	0.0104	0.0215								
		2.8849	1.6192	0.8412	0.6895	0.3768	0.2149								0.0025	0.0102	-0.0045	0.0072	-0.0044	0.0082								
		0.0917	0.0863	0.0416	0.0472	0.0427	0.0314								-0.0123	-0.0147	-0.0137	-0.0157	-0.0144	-0.0152								
		0.0533	0.1852	0.0324	0.0286	0.0303	0.0298								-0.0129	-0.0245	-0.0216	-0.0239	-0.0214	-0.022								
		0.493	0.4104	0.4865	0.3322	0.4152	0.2358								-0.0024	-0.0158	-0.0058	-0.0251	-0.022	-0.0225								
		0.2914	0.7078	0.2986	0.405	0.5192	0.501								-0.0204	-0.0241	-0.0265	-0.0263	-0.026	-0.0247								
		
~End
Original Filename: Data 08-08-16-155844.pda   Date Last Saved: 8/8/2016
