##BLOCKS= 1          
Plate:	Plate#1	1.3	PlateFormat	Endpoint	Absorbance	Raw	FALSE	1						2	450 620	1	12	96	1	8	None	
	Temperature(¡C)	1	2	3	4	5	6	7	8	9	10	11	12		1	2	3	4	5	6	7	8	9	10	11	12		
	23.50	0.7955	0.7819	0.8413	0.3214	0.3151	0.3154	0.3111	0.4839	0.8392	1.0005	1.8172	2.9912		0.0309	0.0317	0.0341	0.0305	0.0298	0.0315	0.0298	0.0322	0.0308	0.0304	0.0304	0.0343		
		2.1436	0.6568	0.1217	0.865	0.2761	0.2537	0.8602	0.2607	0.2481	0.362	0.1698	0.1692		0.0247	0.0187	0.0187	0.019	0.017	0.0186	0.0167	0.0199	0.0206	0.0124	0.0176	0.0185		
		0.4122	0.1597	0.1795	0.3853	0.1434	0.1765	0.1971	0.2145	0.2189	0.817	0.3069	0.3057		0.0079	0.0141	0.0064	0.0143	0.0057	0.0149	0.0052	0.0142	0.006	0.015	0.0011	0.0136		
		0.7755	0.3088	0.3036	0.1934	0.4523	0.1657	0.3335	0.3319	0.3259	0.3914	0.4434	0.4232		-0.0056	0.0077	-0.0061	0.006	-0.0082	0.0048	-0.0091	0.0052	-0.0084	0.0052	-0.0084	0.0045		
		3.3195	3.3595	3.3972	1.4367	1.4502	1.4169	0.5079	0.5048	0.4807	1.8822	0.5185	0.1408		-0.0129	-0.0146	-0.0113	-0.0167	-0.0155	-0.018	-0.0171	-0.0173	-0.0251	-0.0216	-0.0216	-0.0188		
		0.1132	0.1063	0.0986	0.0756	0.0739	0.074	0.063	0.067	0.0755	0.9987	0.394	0.3701		-0.0163	-0.019	-0.0251	-0.0263	-0.0252	-0.027	-0.0259	-0.0271	-0.0247	-0.0297	-0.0345	-0.0311		
		0.4044	0.1339	0.1261	0.3699	0.1419	0.1405	0.4425	0.1613	0.165	0.449	0.1846	0.1737		-0.026	-0.0291	-0.0252	-0.0294	-0.026	-0.0295	-0.0278	-0.0277	-0.0261	-0.0285	-0.0267	-0.0267		
		2.962	1.7353	0.9256	0.6618	0.3916	0.235	0.3515	0.3571	0.3415	0.6409	0.2215	0.2531		-0.0267	-0.0283	-0.0287	-0.0298	-0.0299	-0.0279	-0.0301	-0.0286	-0.0267	-0.0249	-0.0286	-0.0295		
		
~End
Original Filename: Data 08-30-16-164815.pda   Date Last Saved: 8/30/2016
