##BLOCKS= 1          
Plate:	Plate#1	1.3	PlateFormat	Endpoint	Absorbance	Raw	FALSE	1						2	450 620	1	6	96	1	8	None	
	Temperature(¡C)	1	2	3	4	5	6	7	8	9	10	11	12		1	2	3	4	5	6	7	8	9	10	11	12		
	23.00	2.1435	0.3139	0.5285	0.5178	0.5068	0.4704								0.0461	0.0424	0.0484	0.0439	0.0526	0.0452								
		0.4911	0.6956	0.829	0.9061	0.8688	0.8704								0.0325	0.0328	0.0289	0.0362	0.0338	0.0363								
		0.4693	0.6812	0.8794	1.1838	1.7436	2.4152								0.0177	0.0261	0.0196	0.0296	0.02	0.0671								
		2.037	0.2745	0.7639	2.5247	2.4747	2.3563								0.0088	0.0164	0.0029	0.256	0.0859	0.0514								
		2.6494	2.742	2.4633	2.3401	2.3208	2.3081								0.0087	0.0009	0.0121	0.0059	-0.0001	-0.0004								
		2.1752	2.2224	2.0413	2.1153	1.9973	2.036								-0.0036	-0.0064	-0.0008	-0.0035	0.0003	-0.0079								
		0.9895	1.0962	0.4253	0.3684	0.3429	0.3836								-0.0123	-0.0173	-0.0111	-0.0166	-0.0142	-0.0142								
		1.5773	2.4332	0.6945	0.6655	0.6912	0.8134								-0.0176	0.0147	-0.0035	-0.0168	-0.0147	-0.0167								
		
~End
Original Filename: Data 07-27-16-164512.pda   Date Last Saved: 7/27/2016
