##BLOCKS= 1          
Plate:	Plate#1	1.3	PlateFormat	Endpoint	Absorbance	Raw	FALSE	1						2	450 620	1	12	96	1	8	None	
	Temperature(¡C)	1	2	3	4	5	6	7	8	9	10	11	12		1	2	3	4	5	6	7	8	9	10	11	12		
	23.10	0.6092	2.8405	0.0923	0.3741	0.087	-0.007	-0.0072	-0.0074	-0.0075	-0.0074	-0.0075	-0.0078		0.0347	0.0312	0.0289	0.0297	0.0298	-0.0074	-0.0075	-0.0076	-0.0076	-0.0075	-0.0076	-0.0073		
		1.9016	2.6721	0.0733	0.3388	0.2826	-0.0193	-0.0205	-0.0204	-0.0211	-0.0204	-0.0209	-0.0202		0.0174	0.018	0.0158	0.016	0.0158	-0.0198	-0.0205	-0.0203	-0.0207	-0.0201	-0.0207	-0.0198		
		0.375	0.2003	0.0631	0.1229	0.2655	-0.0245	-0.0335	-0.0248	-0.0339	-0.025	-0.0337	-0.0251		0.0063	0.0145	0.0041	0.0117	0.0036	-0.0245	-0.0329	-0.0242	-0.033	-0.0245	-0.0332	-0.0243		
		0.3426	0.1927	0.0531	0.1225	0.2517	-0.0328	-0.0484	-0.0336	-0.0497	-0.0335	-0.0493	-0.0335		-0.0097	0.005	-0.0091	0.0043	-0.0088	-0.0328	-0.0473	-0.0323	-0.0472	-0.0326	-0.0492	-0.0331		
		0.6395	0.6306	0.0412	3.4021	1.5336	-0.0534	-0.0579	-0.054	-0.0584	-0.0545	-0.0586	-0.0544		-0.0198	-0.015	-0.019	-0.0122	-0.0203	-0.053	-0.0571	-0.0527	-0.0572	-0.0529	-0.0582	-0.0522		
		0.7303	0.7348	0.0325	3.4489	1.6134	-0.0623	-0.064	-0.0625	-0.0644	-0.0631	-0.0643	-0.0629		-0.0267	-0.0252	-0.0267	-0.0234	-0.0257	-0.062	-0.0631	-0.062	-0.0632	-0.0615	-0.0632	-0.0614		
		1.3971	1.4701	0.0528	0.7682	0.2312	-0.0651	-0.0636	-0.0658	-0.0639	-0.0659	-0.0639	-0.0661		-0.0261	-0.0279	-0.0259	-0.0278	-0.0257	-0.0649	-0.0629	-0.0648	-0.063	-0.065	-0.0625	-0.0651		
		2.7239	2.7922	0.0461	0.6925	0.1996	-0.0647	-0.0648	-0.0648	-0.0651	-0.065	-0.065	-0.0654		-0.0241	-0.0241	-0.0264	-0.0259	-0.0245	-0.0642	-0.0644	-0.0642	-0.0642	-0.0644	-0.0641	-0.0642		
		
~End
Original Filename: Data 01-16-17-155554.pda   Date Last Saved: 1/16/2017
