##BLOCKS= 1          
Plate:	Plate#1	1.3	PlateFormat	Endpoint	Absorbance	Raw	FALSE	1						2	450 620	1	12	96	1	8	None	
	Temperature(¡C)	1	2	3	4	5	6	7	8	9	10	11	12		1	2	3	4	5	6	7	8	9	10	11	12		
	23.10	2.3255	1.2008	0.6905	0.4655	0.2943	0.1908	2.2911	1.2487	0.6714	0.5106	0.3073	0.1912		0.0308	0.0322	0.0316	0.032	0.0316	0.032	0.0314	0.0318	0.031	0.0313	0.0289	0.0289		
		2.0537	1.1559	0.5669	0.4742	0.2666	0.1622	2.056	1.1541	0.6049	0.4949	0.2742	0.1805		0.02	0.0192	0.0181	0.0185	0.0178	0.0183	0.0177	0.0186	0.0208	0.0204	0.0167	0.0181		
		2.0741	1.0547	0.5475	0.4139	0.2361	0.1463	1.312	1.3039	0.343	0.3728	0.056	0.2639		0.0082	0.0162	0.0059	0.0162	0.0062	0.0147	0.0114	0.0151	0.0051	0.0144	0.0046	0.0153		
		0.306	0.3007	0.084	0.0835	0.4311	0.3974	0.0989	0.105	0.3315	0.3353	0.0741	0.1004		-0.0072	0.0087	-0.0049	0.0069	-0.01	0.0068	-0.0066	0.0081	-0.0105	0.017	-0.0105	0.0083		
		0.4918	0.5011	0.1301	0.0902	0.4119	0.3847	0.1065	0.0926	0.2213	0.2118	0.0572	0.0794		-0.0177	-0.0107	-0.0171	-0.0131	-0.0188	-0.0127	-0.018	-0.0143	-0.0195	-0.0138	-0.0197	-0.0029		
		0.7438	0.7273	0.1235	0.0947	0.2154	0.1915	0.059	0.0493	0.6824	0.6405	0.1365	0.1193		-0.0238	-0.0203	-0.024	-0.022	-0.0227	-0.0215	-0.0244	-0.0228	-0.0246	-0.0222	-0.0244	-0.0197		
		0.0653	0.0495	0.5235	0.4639	0.5034	0.4531	0.5444	0.5095	0.4697	0.4687	0.2216	0.2159		-0.0242	-0.0257	-0.0231	-0.0243	-0.0238	-0.0258	-0.0241	-0.0256	-0.0236	-0.0267	-0.0245	-0.0252		
		0.3252	0.275	1.7044	1.6508	2.2396	2.0611	2.2281	2.2266	2.1296	1.9865	1.4434	1.3604		-0.0251	-0.0254	-0.0232	-0.0226	-0.0244	-0.0233	-0.0215	-0.025	-0.0245	-0.0251	-0.0249	-0.0239		
		
~End
Original Filename: Data 02-15-17-153351.pda   Date Last Saved: 2/15/2017
