##BLOCKS= 1          
Plate:	Plate#1	1.3	PlateFormat	Endpoint	Absorbance	Raw	FALSE	1						2	450 620	1	12	96	1	8	None	
	Temperature(¡C)	1	2	3	4	5	6	7	8	9	10	11	12		1	2	3	4	5	6	7	8	9	10	11	12		
	22.30	0.34	0.5501	0.8943	1.0729	1.828	3.277	0.3002	0.5137	0.8991	1.0819	1.8933	3.2637		0.0374	0.0378	0.0373	0.0375	0.0388	0.0397	0.0372	0.0376	0.0363	0.0376	0.0389	0.0403		
		0.8274	0.9881	1.0601	0.9124	1.0538	0.8942	0.9224	0.9412	2.1286	0.577	0.1017	0.12		0.026	0.0249	0.0248	0.0242	0.0247	0.0253	0.0246	0.0244	0.0248	0.0246	0.0236	0.0238		
		1.2289	1.2483	0.25	0.2609	0.1198	0.1144	0.0829	0.1046	0.9716	0.9728	0.1867	0.2099		0.0152	0.0206	0.0128	0.0201	0.0113	0.0205	0.0124	0.0203	0.0114	0.0198	0.0122	0.0221		
		0.1069	0.1269	0.0919	0.0982	0.1192	0.1233	0.1766	0.1339	0.1495	0.1629	0.2021	0.2061		-0.0005	0.0153	-0.0012	0.0132	-0.0032	0.0129	-0.0011	0.0131	-0.0037	0.0118	-0.0039	0.0127		
		0.6062	0.5542	0.7118	0.5128	0.3142	0.17	0.1398	0.1588	0.1807	0.1582	0.1473	0.1751		-0.0111	-0.0073	-0.0109	-0.0073	-0.0114	-0.0066	-0.0114	-0.0076	-0.0107	-0.0076	-0.0118	-0.0077		
		0.7819	0.9363	1.0476	1.2505	0.3104	0.3005	0.8644	1.0042	0.6228	0.6852	0.8001	1.0795		-0.017	-0.0165	-0.0179	-0.0155	-0.0177	-0.0155	-0.0164	-0.0166	-0.0177	-0.0162	-0.0176	-0.0155		
		0.9509	0.9756	1.1398	1.1202	0.7987	0.8479	0.9632	1.0043	0.5214	0.5063	0.7775	0.754		-0.0179	-0.0194	-0.0181	-0.0195	-0.0166	-0.0167	-0.0175	-0.0186	-0.0185	-0.0203	-0.0177	-0.0197		
		0.3225	0.3376	0.4649	0.4215	0.536	0.4795	0.6079	0.6244	0.6261	0.6209	0.6243	0.6013		-0.0204	-0.0206	-0.0203	-0.0199	-0.0204	-0.0195	-0.0183	-0.0202	-0.018	-0.0198	-0.0204	-0.0206		
		
~End
Original Filename: Data 04-13-17-155336.pda   Date Last Saved: 4/13/2017
