##BLOCKS= 1          
Plate:	Plate#1	1.3	PlateFormat	Endpoint	Absorbance	Raw	FALSE	1						2	450 620	1	12	96	1	8	None	
	Temperature(¡C)	1	2	3	4	5	6	7	8	9	10	11	12		1	2	3	4	5	6	7	8	9	10	11	12		
	23.20	3.3867	2.079	1.116	0.8902	0.4615	0.3582	2.1439	0.6923	0.12	2.2329	0.6834	0.1321		0.0372	0.0337	0.0324	0.0304	0.031	0.032	0.0326	0.0317	0.0321	0.0326	0.0318	0.0312		
		1.9579	0.6218	0.1145	2.1123	0.6488	0.1186	3.1093	1.9288	1.0025	0.8087	0.5018	0.3014		0.0241	0.0221	0.02	0.0207	0.0196	0.0211	0.0238	0.0216	0.0207	0.0222	0.0207	0.0225		
		0.6224	0.741	0.6895	0.7092	0.6539	0.6959	0.7193	0.7503	0.6399	0.6967	0.724	0.7352		0.0124	0.0201	0.009	0.0146	0.008	0.0179	0.0087	0.0141	0.0094	0.0215	0.0096	0.0183		
		0.8759	0.9315	0.2371	0.3101	0.1023	0.1661	0.9038	0.9525	0.282	0.327	0.1452	0.1509		-0.0018	0.0089	-0.0049	0.0063	-0.005	0.0077	-0.0044	0.0085	-0.0042	0.009	-0.0047	0.007		
		0.5844	0.6528	0.3395	0.3565	0.0699	0.0851	0.0516	0.0614	0.6457	0.7853	0.3193	0.3724		-0.0109	-0.0144	-0.0121	-0.0154	-0.0123	-0.0145	-0.0133	-0.0143	-0.0132	-0.0143	-0.013	-0.015		
		0.23	0.2368	0.1429	0.1281	0.0486	0.0578	0.0425	0.0617	0.3279	0.3999	0.1989	0.2365		-0.0218	-0.021	-0.0224	-0.0237	-0.0185	-0.0236	-0.0213	-0.0234	-0.0224	-0.0232	-0.0222	-0.0218		
		0.8171	0.7881	0.4185	0.3826	0.0752	0.0833	0.0534	0.0625	0.7763	0.8596	0.3545	0.4429		-0.022	-0.0235	-0.0218	-0.0253	-0.022	-0.0224	-0.0229	-0.0253	-0.0222	-0.0251	-0.0232	-0.02		
		0.4309	0.4595	0.2293	0.2167	0.0572	0.0722	0.0516	0.0563	0.4829	0.5444	0.2436	0.2422		-0.0252	-0.0247	-0.0248	-0.0266	-0.0264	-0.0255	-0.0243	-0.0259	-0.0257	-0.0257	-0.0262	-0.0258		
		
~End
Original Filename: Data 10-05-16-173546.pda   Date Last Saved: 10/5/2016
