##BLOCKS= 1          
Plate:	Plate#1	1.3	PlateFormat	Endpoint	Absorbance	Raw	FALSE	1						2	450 620	1	12	96	1	8	None	
	Temperature(¡C)	1	2	3	4	5	6	7	8	9	10	11	12		1	2	3	4	5	6	7	8	9	10	11	12		
	23.20	3.2792	2.0487	1.1155	0.9799	0.6267	0.3695	3.2982	2.0686	1.1959	0.9739	0.5946	0.354		0.0453	0.0338	0.0354	0.0293	0.0501	0.0224	0.0363	0.0327	0.0322	0.0322	0.0341	0.0303		
		0.297	0.3141	0.2151	0.2086	0.6724	0.6904	0.3661	0.3913	0.424	0.4277	0.2424	0.2632		0.0341	0.0202	0.025	0.019	0.0111	0.0106	0.0112	0.0138	0.009	0.0117	0.0138	0.0191		
		0.5076	0.5514	0.3163	0.3074	0.6505	0.725	0.3578	0.3957	0.8513	0.9002	0.4913	0.5258		0.0217	0.0204	0.0179	0.006	-0.0013	0.0067	-0.0019	0.0118	0.0053	0.023	0.023	0.0062		
		1.0076	1.0821	0.5523	0.5565	0.3949	0.4417	0.2626	0.269	0.596	0.6074	0.2804	0.3521		-0.0027	0.0269	-0.0064	0.0065	-0.0157	-0.0016	-0.0147	-0.0012	-0.0047	0.0125	-0.013	0.008		
		0.7438	0.7378	0.3546	0.3643	1.0149	1.0956	0.5337	0.504	0.6424	0.6986	0.284	0.3465		-0.0137	-0.0137	-0.0149	-0.0172	-0.014	-0.0135	-0.0145	-0.0239	-0.0154	-0.0142	-0.0143	-0.0142		
		0.1205	0.0956	0.1107	0.0805	1.5784	1.553	0.746	0.7597	0.4885	0.4874	0.2577	0.246		-0.0233	-0.0248	-0.0061	-0.0218	-0.0319	-0.0235	-0.0243	-0.0253	-0.0245	-0.0243	-0.0242	-0.0256		
		0.5959	0.5358	0.3113	0.2906	1.3518	1.3026	0.6012	0.5622	0.4378	0.4221	0.2028	0.1988		-0.0251	-0.0275	-0.0151	-0.0086	0.0045	-0.0235	-0.0252	-0.0269	-0.0246	-0.0269	-0.025	-0.0278		
		0.6721	0.682	0.3615	0.3666	0.3915	0.3876	0.1882	0.1947	1.9901	1.9278	0.4901	0.0646		-0.0086	-0.0263	-0.0233	-0.0103	-0.0148	-0.0257	-0.0288	-0.0272	-0.0254	-0.0247	-0.0274	-0.028		
		
~End
Original Filename: Data 10-10-16-170840.pda   Date Last Saved: 10/10/2016
