##BLOCKS= 1          
Plate:	Plate#1	1.3	PlateFormat	Endpoint	Absorbance	Raw	FALSE	1						2	450 620	1	12	96	1	8	None	
	Temperature(¡C)	1	2	3	4	5	6	7	8	9	10	11	12		1	2	3	4	5	6	7	8	9	10	11	12		
	23.00	2.3567	1.1927	0.6394	0.537	0.3041	0.1943	1.9998	1.0641	0.5211	0.4208	0.2443	0.1614		0.0318	0.0312	0.0305	0.0307	0.031	0.0298	0.0295	0.0313	0.0292	0.0302	0.0284	0.0281		
		0.9871	0.9912	0.2096	0.2176	1.2487	1.3996	0.2984	0.3085	1.6207	1.5994	0.3423	0.3425		0.0207	0.019	0.0173	0.0174	0.0174	0.0181	0.0167	0.0194	0.0175	0.018	0.0167	0.0167		
		0.25	0.2663	0.09	0.0973	0.6066	0.6501	0.1752	0.1824	0.6718	0.7294	0.1359	0.1505		0.0074	0.0177	0.0063	0.0136	0.0053	0.015	0.0052	0.015	0.0055	0.0144	0.0052	0.0128		
		0.7149	0.6935	0.1592	0.1709	0.6381	0.6963	0.1497	0.1481	0.6673	0.6637	0.1372	0.1375		-0.0034	0.0067	-0.0087	0.0066	-0.0085	0.0063	-0.0094	0.0063	-0.0095	0.0063	-0.0103	0.0051		
		2.5681	2.5937	0.5178	0.5368	2.1314	2.1243	0.446	0.4806	1.7595	1.7372	0.3245	0.3432		-0.0168	-0.0089	-0.0182	-0.0128	-0.0184	-0.012	-0.0194	-0.0128	-0.0185	-0.0125	-0.0187	-0.0134		
		0.322	0.2487	0.0688	0.0699	0.21	0.1982	0.0544	0.0467	0.2799	0.2465	0.0511	0.0669		-0.0188	-0.0229	-0.0241	-0.023	-0.0225	-0.0233	-0.0247	-0.0232	-0.0256	-0.022	-0.0246	-0.0241		
		1.9094	1.8581	0.354	0.3121	1.5172	1.441	0.2731	0.2638	1.4678	1.4006	0.2658	0.2426		-0.0229	-0.0261	-0.0241	-0.0265	-0.02	-0.0259	-0.0251	-0.0254	-0.0248	-0.0282	-0.0239	-0.0262		
		0.3569	0.3778	0.088	0.094	1.3195	0.3142	0.0267	0.0323	0.415	0.414	0.4186	0.4151		-0.0249	-0.0246	-0.025	-0.025	-0.0246	-0.0247	-0.0244	-0.0257	-0.0255	-0.0257	-0.0263	-0.0262		
		
~End
Original Filename: Data 02-15-17-151615.pda   Date Last Saved: 2/15/2017
