##BLOCKS= 1          
Plate:	Plate#1	1.3	PlateFormat	Endpoint	Absorbance	Raw	FALSE	1						2	450 620	1	12	96	1	8	None	
	Temperature(¡C)	1	2	3	4	5	6	7	8	9	10	11	12		1	2	3	4	5	6	7	8	9	10	11	12		
	22.60	0.8865	0.1612	0.6022	0.6102	0.8812	0.8821	0.7598	-0.0081	-0.0081	-0.0079	-0.0081	-0.0082		0.0308	0.0308	0.0303	0.0303	0.03	0.0292	0.029	-0.0076	-0.0078	-0.0078	-0.008	-0.0082		
		2.3227	0.1293	0.6434	0.63	0.1645	0.1799	0.7382	-0.0211	-0.0224	-0.0218	-0.0226	-0.0224		0.0187	0.0158	0.0161	0.0165	0.016	0.015	0.015	-0.0217	-0.0216	-0.0219	-0.022	-0.0227		
		0.3249	0.2614	0.4681	0.4232	0.166	0.1834	0.617	-0.0256	-0.0352	-0.0261	-0.0354	-0.0271		0.0048	0.0127	0.0033	0.0119	0.0027	0.0108	0.0022	-0.0254	-0.034	-0.026	-0.0345	-0.0263		
		0.4501	0.3858	0.8302	0.8445	0.1392	0.1622	0.58	-0.0339	-0.0501	-0.0343	-0.0508	-0.0349		-0.0067	0.006	-0.0115	0.0044	-0.0122	0.0041	-0.0121	-0.0332	-0.0493	-0.0338	-0.0492	-0.0339		
		0.7276	0.6572	0.6721	0.7324	0.6338	0.6945	0.4304	-0.0534	-0.0589	-0.0531	-0.0591	-0.0538		-0.0196	-0.0137	-0.0165	-0.0139	-0.0196	-0.012	-0.021	-0.0521	-0.0579	-0.052	-0.0577	-0.0525		
		0.9412	0.8723	0.6533	0.7677	0.5597	0.6424	0.4231	-0.0622	-0.0644	-0.062	-0.0643	-0.0624		-0.0251	-0.0212	-0.0253	-0.0229	-0.0253	-0.0232	-0.0251	-0.0609	-0.063	-0.0609	-0.0627	-0.0609		
		1.6478	1.3642	0.4404	0.5122	0.5236	0.579	0.3054	-0.0656	-0.0638	-0.0661	-0.0636	-0.0664		-0.0251	-0.0266	-0.024	-0.0266	-0.0246	-0.0268	-0.0258	-0.0644	-0.0623	-0.0646	-0.0621	-0.0649		
		3.1329	2.701	0.4983	0.5683	0.3836	0.4358	0.2682	-0.0648	-0.0649	-0.065	-0.0648	-0.0652		-0.0236	-0.0242	-0.0248	-0.0247	-0.0248	-0.0237	-0.0256	-0.0635	-0.0634	-0.0635	-0.0634	-0.0638		
		
~End
Original Filename: Data 03-30-17-161331.pda   Date Last Saved: 3/30/2017
