##BLOCKS= 1          
Plate:	Plate#1	1.3	PlateFormat	Endpoint	Absorbance	Raw	FALSE	1						2	450 620	1	12	96	1	8	None	
	Temperature(¡C)	1	2	3	4	5	6	7	8	9	10	11	12		1	2	3	4	5	6	7	8	9	10	11	12		
	22.50	2.9125	1.9607	1.0353	0.8864	0.4938	0.3413	2.2514	0.8893	0.1504	0.1527	1.613	1.8443		0.0489	0.0386	0.038	0.0419	0.0362	0.0356	0.0361	0.0379	0.0364	0.0353	0.037	0.0411		
		1.5564	1.7098	1.605	1.6058	1.5356	1.7431	1.471	1.6381	1.4885	1.7147	1.6741	1.7997		0.0259	0.0304	0.0253	0.0247	0.0235	0.0225	0.0227	0.026	0.0219	0.0307	0.0243	0.0219		
		1.5393	1.6772	1.5661	1.641	1.4716	1.6131	1.4798	1.7021	1.5151	1.6442	1.4308	1.7901		0.0143	0.0221	0.0138	0.021	0.0129	0.02	0.0103	0.0214	0.0112	0.0202	0.0096	0.0186		
		1.5025	1.6935	1.5601	1.6083	1.4524	1.5637	1.4795	1.5848	1.3948	1.5247	1.4965	1.6057		-0.001	0.015	-0.0022	0.0125	-0.0038	0.0114	-0.0042	0.0116	0	0.0141	-0.005	0.0161		
		1.481	1.5562	1.4135	1.4741	1.3788	1.4473	1.3242	1.4978	1.3693	1.4988	1.4142	1.6232		-0.01	-0.0036	-0.0109	-0.0041	-0.0117	-0.0094	-0.0112	-0.0088	-0.0124	-0.0088	-0.0141	-0.0073		
		1.4777	1.5317	1.3701	1.3834	1.2497	1.4127	1.3148	1.4437	1.3264	1.4063	1.3437	1.5573		-0.0183	-0.015	-0.0151	-0.0172	-0.0165	-0.0169	-0.0187	-0.0186	-0.011	-0.0185	-0.0187	-0.0184		
		1.4619	1.458	1.3848	1.345	1.1595	1.2782	1.3035	1.2782	1.1848	1.2476	1.2052	1.3372		-0.0201	-0.0193	-0.0194	-0.018	-0.0203	-0.0199	-0.0209	-0.0206	-0.0193	-0.0189	-0.021	-0.0208		
		1.312	1.6434	1.2583	1.2556	1.1152	1.1199	2.5534	1.4279	0.6777	0.6371	0.2852	0.1568		-0.0211	-0.0222	-0.0209	-0.0188	-0.0225	-0.0218	-0.023	-0.0202	-0.0205	-0.0143	-0.0236	-0.0228		
		
~End
Original Filename: Data 04-18-17-151607.pda   Date Last Saved: 4/18/2017
