##BLOCKS= 2          
Note:~End
Plate:	Plate#1	1.3	PlateFormat	Endpoint	Absorbance	Raw	FALSE	1						2	450 620	1	12	96	1	8	None	
	Temperature(¡C)	1	2	3	4	5	6	7	8	9	10	11	12		1	2	3	4	5	6	7	8	9	10	11	12		
	25.90	2.4331	1.2014	0.5885	0.4881	0.2638	0.1664	2.3175	1.1913	0.6204	0.4841	0.2711	0.1328		0.0359	0.0338	0.0322	0.0327	0.0321	0.0315	0.0322	0.0329	0.0321	0.0307	0.0324	0.0326		
		0.1016	0.0884	0.1707	0.1519	0.2054	0.2011	0.9325	0.8562	0.7196	0.6157	0.8863	0.8437		0.0201	0.0192	0.0185	0.0215	0.0191	0.0186	0.0176	0.0202	0.0195	0.0182	0.021	0.0194		
		0.367	0.3364	2.0415	1.9788	1.0703	1.1077	0.4621	0.442	0.5206	0.4874	1.7884	1.6313		0.0068	0.0169	0.0075	0.0205	0.0073	0.0165	0.0048	0.0171	0.0054	0.0163	0.006	0.0163		
		0.639	0.6069	0.0364	0.0642	1.2718	1.3937	0.2577	0.2836	1.3616	1.413	0.3137	0.3183		-0.0071	0.0094	-0.0087	0.0093	-0.009	0.009	-0.0083	0.0083	-0.0077	0.0086	-0.0068	0.0089		
		0.765	0.8341	0.7621	0.7862	0.7713	0.8131	0.8097	0.8065	0.8651	0.882	0.9291	0.9866		-0.017	-0.0118	-0.0176	-0.0119	-0.0178	-0.0115	-0.0185	-0.0117	-0.0183	-0.0106	-0.014	-0.0145		
		0.8073	0.8309	0.7204	0.723	0.6907	0.7524	0.6655	0.6728	0.9414	0.9482	0.6973	0.7506		-0.0187	-0.0223	-0.0243	-0.0221	-0.0195	-0.0187	-0.0231	-0.0228	-0.0225	-0.0215	-0.0151	-0.0238		
		0.6429	0.6749	0.6466	0.6335	0.5829	0.5861	0.7106	0.667	0.9849	0.9175	0.9568	0.9549		-0.0255	-0.0261	-0.017	-0.0258	-0.0251	-0.0249	-0.025	-0.0263	-0.0254	-0.0265	-0.0211	-0.027		
		1.1047	1.1029	0.929	0.9247	0.2323	1.0537	0.0299	-0.0022	0.0046	0.0045	-0.0022	0.0026		-0.0263	-0.0247	-0.0251	-0.0184	-0.0259	-0.0268	-0.0266	-0.0263	-0.0265	-0.0245	-0.0274	-0.0273		
		
~End
Original Filename: Data 02-27-18-155413.pda   Date Last Saved: 2/27/2018
