##BLOCKS= 1          
Plate:	Plate#1	1.3	PlateFormat	Endpoint	Absorbance	Raw	FALSE	1						2	450 620	1	12	96	1	8	None	
	Temperature(¡C)	1	2	3	4	5	6	7	8	9	10	11	12		1	2	3	4	5	6	7	8	9	10	11	12		
	22.60	2.9399	1.6853	0.8917	0.7671	0.377	0.2852	2.5224	1.4393	0.6762	0.6129	0.0897	0.2485		0.0339	0.0324	0.0327	0.0334	0.0331	0.0316	0.0314	0.0323	0.031	0.0326	0.0339	0.0209		
		1.5411	1.7847	1.6282	1.6352	1.4801	1.7036	1.506	1.6706	1.544	1.7029	1.5677	1.7801		0.023	0.0215	0.0211	0.02	0.0215	0.0205	0.0188	0.0189	0.0182	0.019	0.0141	0.0146		
		1.6173	1.796	1.6347	1.6108	1.4999	1.7649	1.5771	1.6296	1.6342	1.7157	1.6277	1.6686		0.0097	0.0153	0.0086	0.0156	0.0082	0.0168	0.0064	0.0146	0.0073	0.0138	0.0078	0.0147		
		1.5809	1.6601	1.4181	1.5025	1.3894	1.5548	1.4902	1.6408	0.9868	0.9987	0.9175	1.074		-0.0039	0.0089	-0.0039	0.0092	-0.0025	0.0073	-0.0073	0.0065	-0.0076	0.0052	-0.0071	0.0051		
		0.9786	1.0127	0.9155	0.8625	0.8951	0.9247	0.8724	1.0042	0.9615	1.0238	0.8006	0.897		0.0064	-0.013	-0.0148	-0.0137	-0.0147	-0.0142	-0.0165	-0.0149	-0.0098	-0.0147	-0.016	-0.0151		
		0.5867	0.6205	0.5183	0.5295	0.4866	0.4949	0.5051	0.5686	0.4682	0.4836	0.4449	0.492		-0.0196	-0.0199	-0.019	-0.0206	-0.0191	-0.0207	-0.0204	-0.0203	-0.0206	-0.0204	-0.0195	-0.0225		
		0.4812	0.4431	0.4079	0.4022	0.5105	0.5527	0.5531	0.5438	0.5715	0.5923	0.5356	0.5565		-0.0211	-0.0222	-0.0205	-0.0233	-0.0209	-0.0219	-0.0228	-0.023	-0.0192	-0.0303	-0.0213	-0.0219		
		0.4356	0.4448	0.38	0.3719	0.3929	0.4574	0.3934	0.4657	1.4503	0.3779	0.0305	0.0433		-0.0186	-0.0238	-0.0224	-0.0227	-0.0234	-0.0231	-0.0247	-0.0112	-0.025	-0.0245	-0.0248	-0.0265		
		
~End
Original Filename: Data 05-24-17-161257.pda   Date Last Saved: 5/24/2017
