##BLOCKS= 1          
Plate:	Plate#1	1.3	PlateFormat	Endpoint	Absorbance	Raw	FALSE	1						2	450 620	1	12	96	1	8	None	
	Temperature(¡C)	1	2	3	4	5	6	7	8	9	10	11	12		1	2	3	4	5	6	7	8	9	10	11	12		
	22.40	3.3874	2.4182	1.07	0.939	0.4806	0.3265	3.0767	1.7114	0.7843	0.7231	0.3827	0.2718		0.0331	0.0318	0.0322	0.0317	0.031	0.0313	0.0317	0.0315	0.0304	0.0312	0.0312	0.0299		
		1.1422	1.2015	1.0667	1.0142	0.9399	1.0011	0.9569	0.9888	0.8474	0.9084	0.9413	1.0638		0.0192	0.0185	0.0189	0.0179	0.0202	0.0182	0.0177	0.0175	0.0173	0.0174	0.0173	0.0166		
		0.9844	1.106	1.0155	0.9606	0.7974	0.8608	0.8392	0.8776	0.8155	0.9868	0.9541	1.0325		0.0081	0.0207	0.0069	0.0144	0.006	0.0141	0.0072	0.0159	0.0074	0.0163	0.0055	0.0134		
		0.9228	1.017	0.9363	0.9809	0.846	0.9051	0.9382	0.9255	0.7906	0.8547	0.8475	0.8922		-0.0064	0.0076	-0.0079	0.007	-0.0082	0.0069	-0.0086	0.0064	-0.0085	0.0063	-0.0088	0.0067		
		0.8931	0.9467	0.8515	0.8537	0.7339	0.9032	0.7136	0.8437	0.7719	0.8687	0.8093	0.8823		-0.0166	-0.0112	-0.0171	-0.0111	-0.0176	-0.0118	-0.0163	-0.0119	-0.0164	-0.0117	-0.0181	-0.0108		
		0.8605	0.8536	0.7665	0.7533	0.6755	0.7865	0.7044	0.7784	0.6523	0.7427	0.6647	0.7521		-0.0076	-0.0216	-0.0234	-0.0193	-0.0227	-0.021	-0.0237	-0.0216	-0.0231	-0.0219	-0.0242	-0.0221		
		0.6931	0.8308	0.6944	0.709	0.7142	0.7525	0.6781	0.7294	0.6992	0.7523	0.77	0.8062		-0.0231	-0.0242	-0.0226	-0.0248	-0.022	-0.0244	-0.0234	-0.025	-0.0231	-0.0228	-0.0237	-0.0256		
		0.7808	0.8376	0.8147	0.7676	0.6301	0.7449	0.5472	0.6419	1.9141	0.5641	0.0453	0.1406		-0.024	-0.0233	-0.023	-0.0227	-0.022	-0.0241	-0.0238	-0.0247	-0.023	-0.0238	-0.0251	-0.0255		
		
~End
Original Filename: Data 04-05-17-154424.pda   Date Last Saved: 4/5/2017
