##BLOCKS= 2          
Note:~End
Plate:	Plate#1	1.3	PlateFormat	Endpoint	Absorbance	Raw	FALSE	1						2	450 620	1	12	96	1	8	None	
	Temperature(¡C)	1	2	3	4	5	6	7	8	9	10	11	12		1	2	3	4	5	6	7	8	9	10	11	12		
	25.80	2.6348	1.2847	0.6345	0.531	0.2904	0.1876	2.4664	1.2784	0.671	0.5244	0.2995	0.1504		0.0336	0.0336	0.032	0.0336	0.0326	0.0322	0.0323	0.0335	0.0325	0.0318	0.0326	0.0325		
		0.1175	0.103	0.1816	0.1621	0.2113	0.205	0.9991	0.9207	0.7826	0.6617	0.9487	0.9079		0.0192	0.0175	0.017	0.0205	0.0174	0.0173	0.016	0.0184	0.0198	0.0175	0.0167	0.0185		
		0.4023	0.3669	2.2044	2.1181	1.1531	1.1751	0.503	0.4792	0.5631	0.5266	1.9184	1.7498		0.0059	0.0157	0.0046	0.0212	0.0049	0.0153	0.004	0.0161	0.0051	0.0152	0.0059	0.0157		
		0.6975	0.6503	0.0512	0.0773	1.3621	1.489	0.2823	0.3117	1.453	1.5049	0.3409	0.3492		-0.0105	0.0088	-0.0118	0.008	-0.0123	0.008	-0.0123	0.0083	-0.0117	0.0085	-0.0109	0.0091		
		0.8289	0.9017	0.826	0.8483	0.8357	0.8756	0.8707	0.8674	0.9306	0.9435	0.9953	1.0572		-0.0195	-0.013	-0.0197	-0.0129	-0.0198	-0.0129	-0.0202	-0.0131	-0.0203	-0.0117	-0.0187	-0.0132		
		0.8744	0.8977	0.7747	0.7808	0.744	0.8082	0.7227	0.7278	1.012	1.017	0.7495	0.8081		-0.0206	-0.024	-0.0264	-0.0244	-0.0232	-0.0236	-0.0252	-0.0235	-0.0242	-0.0233	-0.0207	-0.0246		
		0.6982	0.7321	0.7039	0.69	0.6329	0.647	0.7634	0.7267	1.0617	0.9871	1.028	1.0241		-0.0264	-0.0269	-0.0179	-0.0277	-0.026	-0.0164	-0.0252	-0.0273	-0.0264	-0.0266	-0.0223	-0.0275		
		1.186	1.1811	1.0107	0.9899	0.2615	1.1346	0.0441	0.0064	0.0142	0.0131	0.0058	0.0112		-0.027	-0.0266	-0.0241	-0.026	-0.0278	-0.0279	-0.0265	-0.0269	-0.0273	-0.0265	-0.0281	-0.028		
		
~End
Original Filename: Data 02-27-18-152000.pda   Date Last Saved: 2/27/2018
