##BLOCKS= 2          
Note:~End
Plate:	Plate#1	1.3	PlateFormat	Endpoint	Absorbance	Raw	FALSE	1						2	450 620	1	12	96	1	8	None	
	Temperature(¡C)	1	2	3	4	5	6	7	8	9	10	11	12		1	2	3	4	5	6	7	8	9	10	11	12		
	23.70	2.6818	1.2939	0.7791	0.555	0.3941	0.2113	2.6638	1.3658	0.7522	0.5672	0.3386	0.195		0.0312	0.0327	0.0309	0.0319	0.0318	0.0312	0.0314	0.0306	0.0307	0.0313	0.0316	0.0316		
		1.2242	1.174	1.4514	1.2868	0.7384	0.6598	0.6507	0.6018	0.7058	0.6095	0.8524	0.8177		0.0161	0.0182	0.0154	0.0167	0.0146	0.0166	0.0151	0.0158	0.0167	0.0149	0.0168	0.0145		
		1.4277	1.3735	1.252	1.2312	0.4711	0.4521	0.4676	0.4183	0.3938	0.3945	0.4599	0.4532		0.0001	0.0132	-0.0016	0.0083	-0.0023	0.0119	-0.004	0.0118	-0.0035	0.0136	-0.0023	0.0136		
		0.7639	0.0617	1.9048	1.7726	0.3789	0.3486	0.3396	0.3158	0.326	0.3658	0.2703	0.2571		-0.0122	0.0027	-0.0118	0.0028	-0.0117	0.0021	-0.0128	0.0017	-0.0133	0.0005	-0.0122	0.0014		
		0.4754	0.0389	1.8044	1.7917	0.7336	0.041	1.9445	1.8293	1.0536	0.0437	1.8944	1.8292		-0.0148	-0.0106	-0.0131	-0.0102	-0.0136	-0.0111	-0.0148	-0.0107	-0.015	-0.0121	-0.0128	-0.0109		
		0.6044	0.566	0.6191	0.6041	0.6271	0.6094	0.6112	0.5805	1.6672	1.7321	1.7427	1.512		-0.0127	-0.0111	-0.0127	-0.0117	-0.0124	-0.0116	-0.013	-0.0126	-0.0128	-0.0117	-0.0126	-0.0127		
		1.578	1.571	1.4337	1.3514	1.4351	1.3596	1.2992	1.2168	1.355	1.2766	1.2905	1.295		-0.0132	-0.0131	-0.0139	-0.0135	-0.0139	-0.0135	-0.0147	-0.0131	-0.0118	-0.0144	-0.0133	-0.0142		
		1.4245	1.3225	1.2376	1.1615	1.099	1.049	1.0634	0.9602	1.239	0.2346	0.0094	0.0182		-0.0154	-0.0158	-0.0156	-0.0156	-0.0156	-0.0162	-0.0163	-0.0158	-0.016	-0.0168	-0.0164	-0.0175		
		
~End
Original Filename: Data 11-03-17-145732.pda   Date Last Saved: 11/3/2017
