##BLOCKS= 1          
Plate:	Plate#1	1.3	PlateFormat	Endpoint	Absorbance	Raw	FALSE	1						2	450 620	1	12	96	1	8	None	
	Temperature(¡C)	1	2	3	4	5	6	7	8	9	10	11	12		1	2	3	4	5	6	7	8	9	10	11	12		
	22.80	0.7491	0.6518	3.3881	3.35	0.5334	-0.0094	-0.0095	-0.0092	-0.0093	-0.0092	-0.0093	-0.0097		0.0313	0.0345	0.0323	0.0295	0.0299	-0.0088	-0.009	-0.0088	-0.0091	-0.009	-0.0092	-0.0097		
		2.357	2.0353	1.9869	2.0617	0.522	-0.0244	-0.0241	-0.0245	-0.0241	-0.0246	-0.0239	-0.0252		0.0163	0.0155	0.0165	0.0155	0.0161	-0.0238	-0.0234	-0.0238	-0.0233	-0.0245	-0.0235	-0.0251		
		0.292	0.2445	0.9287	0.8853	0.2767	-0.0273	-0.0368	-0.0274	-0.037	-0.0273	-0.037	-0.0274		0.0034	0.0111	0.0024	0.0106	0.0018	-0.0264	-0.0357	-0.0272	-0.0362	-0.0271	-0.036	-0.0275		
		0.4948	0.4323	0.4655	0.5046	0.2582	-0.035	-0.0517	-0.035	-0.0521	-0.0349	-0.052	-0.0352		-0.01	0.0038	-0.0118	0.0035	-0.0125	-0.0339	-0.0509	-0.0343	-0.0511	-0.0339	-0.0512	-0.0347		
		0.7786	0.6886	0.235	0.2471	0.0665	-0.0547	-0.0602	-0.0541	-0.06	-0.0541	-0.0602	-0.0544		-0.0204	-0.0145	-0.0215	-0.0163	-0.021	-0.0526	-0.0592	-0.053	-0.0593	-0.0533	-0.0589	-0.0537		
		0.9848	0.7924	2.8507	2.9115	0.0528	-0.0638	-0.0657	-0.0638	-0.0654	-0.0636	-0.0656	-0.064		-0.0252	-0.024	-0.0233	-0.0218	-0.0252	-0.0624	-0.0642	-0.062	-0.064	-0.0624	-0.0639	-0.0628		
		1.9076	1.4989	1.2886	1.3552	0.0582	-0.0675	-0.0654	-0.0675	-0.0653	-0.0675	-0.0654	-0.0679		-0.0252	-0.0277	-0.0248	-0.0269	-0.0256	-0.066	-0.0639	-0.0663	-0.0637	-0.066	-0.0638	-0.0667		
		3.1415	2.4885	0.5673	0.6217	0.0604	-0.0668	-0.0667	-0.0665	-0.0664	-0.0664	-0.0664	-0.0668		-0.0245	-0.0249	-0.0254	-0.0267	-0.0263	-0.065	-0.0652	-0.0652	-0.065	-0.065	-0.0651	-0.0655		
		
~End
Original Filename: Data 04-03-17-143125.pda   Date Last Saved: 4/3/2017
