##BLOCKS= 1          
Plate:	Plate#1	1.3	PlateFormat	Endpoint	Absorbance	Raw	FALSE	1						2	450 620	1	12	96	1	8	None	
	Temperature(¡C)	1	2	3	4	5	6	7	8	9	10	11	12		1	2	3	4	5	6	7	8	9	10	11	12		
	23.90	2.8295	1.5396	0.801	0.6598	0.3572	0.191	2.2491	1.0735	0.6247	0.4516	0.2794	0.1707		0.0336	0.0332	0.0304	0.0341	0.0331	0.0314	0.0317	0.0319	0.0309	0.0312	0.0306	0.0297		
		0.5739	0.6012	0.4611	0.4198	0.258	0.3211	0.4269	0.3751	0.2855	0.3267	0.3301	0.3131		0.0181	0.0198	0.0165	0.019	0.0171	0.0183	0.0162	0.0203	0.0166	0.0178	0.0167	0.0198		
		0.5686	0.6031	0.5469	0.5572	0.1641	0.2112	0.2016	0.1923	0.1631	0.1835	0.1649	0.1628		0.0064	0.0172	0.0056	0.017	0.0056	0.0157	0.0036	0.0153	0.0037	0.0138	0.0039	0.015		
		0.4889	0.4643	0.5694	0.5421	0.1125	0.1361	0.1504	0.1475	0.1223	0.1443	0.1193	0.1351		-0.0081	0.006	-0.0079	0.0059	-0.0089	0.0047	-0.0091	0.0054	-0.0105	0.0046	-0.0102	0.0032		
		0.3999	0.4102	0.565	0.4759	0.297	0.369	0.5567	0.5342	0.3956	0.3432	0.5207	0.5025		-0.0176	-0.014	-0.018	-0.0135	-0.0177	-0.0147	-0.0191	-0.0142	-0.0182	-0.0135	-0.019	-0.0131		
		0.132	0.1333	0.2512	0.194	0.255	0.1759	0.2202	0.1732	0.3956	0.3622	0.5314	0.4505		-0.0239	-0.0203	-0.0234	-0.0228	-0.0223	-0.0228	-0.0246	-0.0225	-0.0249	-0.0227	-0.0235	-0.0223		
		0.6446	0.6319	0.5813	0.5207	0.3239	0.344	0.3201	0.3078	0.4131	0.3524	0.3333	0.2734		-0.023	-0.0256	-0.0222	-0.0265	-0.0228	-0.0265	-0.0219	-0.0268	-0.0239	-0.0275	-0.0239	-0.0193		
		0.4089	0.3752	0.4544	0.4777	0.5004	0.458	0.4274	0.4546	1.4967	0.3849	0.0364	0.0279		-0.0241	-0.0242	-0.0235	-0.0238	-0.0246	-0.0256	-0.0259	-0.026	-0.0251	-0.025	-0.0253	-0.0263		
		
~End
Original Filename: Data 02-24-17-154759.pda   Date Last Saved: 2/24/2017
