##BLOCKS= 2          
Note:~End
Plate:	Plate#1	1.3	PlateFormat	Endpoint	Absorbance	Raw	FALSE	1						2	450 620	1	12	96	1	8	None	
	Temperature(¡C)	1	2	3	4	5	6	7	8	9	10	11	12		1	2	3	4	5	6	7	8	9	10	11	12		
	23.90	3.528	3.5267	3.1219	1.9627	1.3894	0.5713	0.3808	0.2387	0.1359	0.088	1.6284	0.3574		0.0505	0.0355	0.0332	0.0318	0.0339	0.0356	0.0316	0.0323	0.0306	0.0318	0.0318	0.0335		
		3.4118	3.4592	2.8901	1.7941	1.1709	0.4736	0.2803	0.1618	0.0922	0.0469	0.0542	0.0469		0.0331	0.0207	0.0159	0.0174	0.015	0.0174	0.0137	0.0166	0.014	0.0163	0.0145	0.017		
		3.4282	3.4299	2.7054	1.6132	1.114	0.46	0.2352	0.1454	0.1351	0.0866	0.0276	0.0519		0.0034	0.0132	-0.0013	0.0155	-0.0029	0.0121	-0.0042	0.015	-0.003	0.011	-0.0035	0.0115		
		3.3957	3.4196	2.8235	1.7497	1.1227	0.4491	0.2581	0.1593	0.0846	0.0555	1.1303	1.0915		-0.0004	0.0108	-0.008	0.0057	-0.0091	0.0053	-0.0103	0.0048	-0.0092	0.0086	-0.0075	0.0083		
		3.4312	3.4085	2.764	1.66	1.0856	0.4221	0.2443	0.1421	0.0693	0.0319	1.0192	0.9649		0.0059	-0.0052	-0.0066	-0.0072	-0.0088	-0.0072	-0.0107	-0.0071	-0.0061	-0.0033	-0.0099	-0.0043		
		0.3581	0.3038	0.4751	0.4837	0.5513	0.513	1.005	0.9889	1.1971	1.0995	0.0191	0.0157		-0.0081	-0.0083	-0.0085	-0.0077	-0.0086	-0.0091	-0.0095	-0.0012	-0.0039	-0.0074	-0.0095	-0.0075		
		0.5311	0.4907	0.6764	0.6707	0.7552	0.6861	0.8909	0.805	1.3225	1.3419	0.0351	0.0322		-0.0093	-0.0092	-0.0025	-0.0092	-0.0087	-0.0092	-0.0107	-0.0099	-0.0085	-0.0074	-0.0112	-0.0074		
		2.2863	1.176	0.5825	0.4417	0.2238	0.1183	2.1458	1.1186	0.521	0.4073	0.2128	0.117		-0.0108	-0.0113	-0.0107	-0.0123	-0.012	-0.0126	-0.0117	-0.0118	-0.0124	-0.0105	-0.0135	-0.0108		
		
~End
Original Filename: Data 10-06-17-141453.pda   Date Last Saved: 10/6/2017
