##BLOCKS= 1          
Plate:	Plate#1	1.3	PlateFormat	Endpoint	Absorbance	Raw	FALSE	1						2	450 620	1	12	96	1	8	None	
	Temperature(¡C)	1	2	3	4	5	6	7	8	9	10	11	12		1	2	3	4	5	6	7	8	9	10	11	12		
	22.60	3.1366	1.8517	0.9817	0.7586	0.4382	0.3171	2.103	0.6767	0.124	0.1388	1.4114	1.4168		0.0341	0.0337	0.0324	0.0319	0.0325	0.0317	0.0305	0.0307	0.0337	0.0207	0.0211	0.0308		
		1.45	1.376	1.3501	1.3272	1.4401	1.4204	1.4678	1.4134	1.4897	1.5005	1.3995	1.5146		0.0216	0.0208	0.0205	0.0207	0.0199	0.0206	0.0195	0.0215	0.0087	0.0393	0.0183	0.0205		
		1.3662	1.3805	1.3739	1.3001	1.5351	1.3309	1.4727	1.3265	1.421	1.3301	1.2977	1.2652		0.0087	0.0172	0.0112	0.0171	0.0084	0.0162	0.0065	0.0173	0.0103	0.0081	0.015	0.0151		
		1.3618	1.3447	1.2988	1.2724	1.3311	1.4217	1.3616	1.3171	1.3514	1.2849	1.2435	1.3328		-0.0024	0.0097	-0.0059	0.009	-0.0066	0.0089	-0.0088	-0.0022	-0.0063	0.0093	-0.0098	0.0059		
		1.305	1.182	1.3122	1.1586	1.3024	1.258	1.314	1.2274	1.2108	1.2439	1.1715	1.3074		-0.0156	-0.0131	-0.015	-0.011	-0.0154	-0.0119	-0.0163	-0.0125	-0.0168	-0.0131	-0.0174	-0.0161		
		1.2335	1.2724	1.2046	1.2074	1.164	1.1762	1.1644	1.2074	1.2084	1.2153	1.1739	1.2572		-0.0201	-0.0205	-0.0206	-0.0208	-0.0207	-0.0206	-0.0208	-0.017	-0.0179	-0.0218	-0.0213	-0.0227		
		1.1624	1.1155	1.0882	1.019	1.0528	1.0103	1.0915	0.9784	1.0989	0.9496	0.996	1.0298		-0.0218	-0.023	-0.0225	-0.0219	-0.0214	-0.0242	-0.0236	-0.0242	-0.021	-0.0248	-0.0228	-0.0218		
		1.1337	1.0839	1.021	1.0165	1.0074	1.0205	2.5692	1.396	0.7458	0.5618	0.3059	0.1644		-0.0225	-0.0242	-0.024	-0.0237	-0.0243	-0.023	-0.0239	-0.0242	-0.023	-0.0254	-0.0226	-0.0254		
		
~End
Original Filename: Data 04-24-17-145837.pda   Date Last Saved: 4/24/2017
