##BLOCKS= 2          
Note:~End
Plate:	Plate#1	1.3	PlateFormat	Endpoint	Absorbance	Raw	FALSE	1						2	450 620	1	12	96	1	8	None	
	Temperature(¡C)	1	2	3	4	5	6	7	8	9	10	11	12		1	2	3	4	5	6	7	8	9	10	11	12		
	25.40	1.8618	1.1496	0.6299	0.4423	0.2315	0.1569	2.2609	1.1586	0.5642	0.5018	0.2559	0.157		0.055	0.0322	0.0317	0.033	0.0332	0.032	0.0338	0.0326	0.0314	0.0307	0.0312	0.0312		
		0.038	0.0564	0.0667	0.0758	0.0537	0.0708	0.0618	0.0742	0.0545	0.0728	0.354	0.0466		0.0203	0.0189	0.0232	0.0206	0.0187	0.0188	0.0173	0.0188	0.0178	0.0185	0.0182	0.0183		
		0.1654	0.3354	0.1769	0.1663	0.2449	0.1446	0.1241	0.1337	0.2334	0.2148	1.2948	0.0398		0.0077	0.0179	0.0068	0.0167	0.0065	0.0188	0.006	0.0172	0.0053	0.0153	0.0061	0.0149		
		0.3018	0.2413	0.166	0.1566	0.1911	0.1799	0.1797	0.1401	0.2246	0.3272	0.7671	0.754		-0.0055	0.0081	-0.008	0.0091	-0.0086	0.008	-0.0104	0.0088	-0.0056	0.0066	-0.0085	0.0083		
		0.7391	0.8347	0.6001	0.6448	0.5026	0.6095	0.4889	0.523	0.2588	0.2543	0.8088	0.7921		-0.016	-0.0131	-0.0161	-0.01	-0.0164	-0.0134	-0.0183	-0.0136	-0.0165	-0.0126	-0.0143	-0.0129		
		0.2425	0.2749	0.3241	0.3504	0.8322	0.9069	1.1822	1.2127	0.8199	0.8971	0.2219	0.2132		-0.0234	-0.0221	-0.0228	-0.0218	-0.0224	-0.022	-0.0239	-0.0217	-0.0223	-0.0224	-0.0234	-0.0236		
		0.2313	0.2572	0.6923	0.6974	0.4958	0.5329	0.4839	0.4861	0.8392	0.8945	1.23	1.2628		-0.0237	-0.023	-0.0209	-0.0241	-0.0235	-0.0246	-0.0249	-0.0241	-0.0234	-0.0256	-0.023	-0.0249		
		1.0301	1.1484	2.4805	0.5934	2.4327	0.7124	1.3488	0.2746	1.1569	0.2083	2.2941	0.7271		-0.0255	-0.0254	-0.0212	-0.0236	-0.021	-0.0254	-0.0262	-0.0254	-0.0228	-0.0251	-0.0218	-0.0256		
		
~End
Original Filename: Data 02-22-18-155055.pda   Date Last Saved: 2/22/2018
