##BLOCKS= 1          
Plate:	Plate#1	1.3	PlateFormat	Endpoint	Absorbance	Raw	FALSE	1						2	450 620	1	12	96	1	8	None	
	Temperature(¡C)	1	2	3	4	5	6	7	8	9	10	11	12		1	2	3	4	5	6	7	8	9	10	11	12		
	22.70	0.5989	0.1178	1.4689	1.4291	1.3424	1.3961	-0.0068	-0.007	-0.0072	-0.0071	-0.0071	-0.0082		0.0325	0.032	0.0318	0.0316	0.0317	0.032	-0.0068	-0.0069	-0.0071	-0.0069	-0.0069	-0.0084		
		1.9925	0.0855	1.0988	1.0862	1.2091	1.2461	-0.0191	-0.0186	-0.0193	-0.019	-0.0193	-0.0193		0.0213	0.02	0.0185	0.0209	0.0187	0.0199	-0.0189	-0.0183	-0.019	-0.0186	-0.0192	-0.0184		
		0.2333	0.2238	1.2511	1.2222	1.1075	1.1042	-0.0297	-0.0222	-0.0302	-0.0226	-0.0302	-0.0229		0.0107	0.0166	0.0088	0.0161	0.0079	0.0155	-0.0298	-0.0222	-0.03	-0.0226	-0.0302	-0.0223		
		0.3765	0.3572	1.1848	1.2184	0.8595	0.9364	-0.0446	-0.0307	-0.0454	-0.0307	-0.045	-0.031		-0.0038	0.0087	-0.006	0.008	-0.0069	0.0079	-0.0441	-0.03	-0.0436	-0.0306	-0.0452	-0.0302		
		0.7132	0.5969	1.0961	1.1092	0.9458	0.9906	-0.0542	-0.0518	-0.0543	-0.0515	-0.0542	-0.0517		-0.0131	-0.0121	-0.0153	-0.0117	-0.0147	-0.0119	-0.0531	-0.0501	-0.053	-0.0511	-0.0537	-0.0506		
		0.851	0.7515	1.1256	1.0997	0.9334	1.0131	-0.0597	-0.0604	-0.0596	-0.0599	-0.0596	-0.0607		-0.0194	-0.0212	-0.021	-0.0205	-0.0205	-0.0201	-0.0582	-0.0589	-0.0581	-0.0586	-0.0584	-0.0596		
		1.6699	1.4334	1.0313	0.9125	0.9175	0.9204	-0.0611	-0.0629	-0.0611	-0.0629	-0.0612	-0.0634		-0.0214	-0.0236	-0.0222	-0.0238	-0.0216	-0.0237	-0.0598	-0.0618	-0.0597	-0.0618	-0.0595	-0.0619		
		2.9439	2.584	0.9629	0.9042	0.8094	0.8496	-0.0639	-0.064	-0.0637	-0.0639	-0.0637	-0.0642		-0.0227	-0.0233	-0.0233	-0.0235	-0.0238	-0.0244	-0.0625	-0.0628	-0.0625	-0.0626	-0.0625	-0.0631		
		
~End
Original Filename: Data 04-11-17-141820.pda   Date Last Saved: 4/11/2017
