##BLOCKS= 2          
Note:~End
Plate:	Plate#1	1.3	PlateFormat	Endpoint	Absorbance	Raw	FALSE	1						2	450 620	1	12	96	1	8	None	
	Temperature(¡C)	1	2	3	4	5	6	7	8	9	10	11	12		1	2	3	4	5	6	7	8	9	10	11	12		
	24.00	2.6903	1.567	0.8417	0.6818	0.3852	0.2352	2.7462	1.5285	0.7333	0.6301	0.2995	0.205		0.0317	0.0308	0.0301	0.0623	0.0305	0.0309	0.0304	0.0295	0.0286	0.0278	0.0274	0.0298		
		2.9235	2.9294	2.8935	2.8421	2.8004	2.8008	2.827	2.854	2.7268	2.858	2.8549	3.0407		0.0151	0.0112	0.0129	0.0112	0.0133	0.0105	0.0132	0.0093	0.0115	0.0083	0.0122	0.0101		
		2.642	2.7181	2.8051	2.9036	2.6162	2.5674	2.6173	2.5373	2.4095	2.6893	2.41	2.4513		0.002	0.0121	-0.0006	0.008	-0.0008	0.0099	-0.001	0.0101	-0.0019	0.0091	-0.0041	0.0086		
		2.1421	0.0558	2.5351	2.5527	2.43	2.3591	2.5293	2.4618	2.3439	2.3885	2.3073	2.3618		-0.0114	-0.0025	-0.0135	-0.0015	-0.014	-0.0028	-0.0138	-0.002	-0.0149	-0.0025	-0.0149	-0.0019		
		2.0976	0.1688	2.6334	2.5965	2.131	0.042	2.6158	2.5981	2.24	0.028	2.5476	2.5277		-0.0172	-0.017	-0.0169	-0.0164	-0.0172	-0.018	-0.0169	-0.0168	-0.0189	-0.0176	-0.019	0.0045		
		2.1692	2.0912	1.957	2.0797	1.9255	1.9757	1.928	2.0642	2.3776	2.4059	2.32	2.5299		-0.0202	-0.0189	-0.0213	-0.0186	-0.0211	-0.0175	-0.0206	-0.0188	-0.0214	-0.018	-0.0212	-0.0184		
		2.389	2.3691	2.307	2.2504	2.3755	2.3257	2.3516	2.3962	2.5349	2.4017	2.519	2.5183		-0.0212	-0.0222	-0.0218	-0.0228	-0.0218	-0.0223	-0.0226	-0.0218	-0.022	-0.0225	-0.0219	-0.0221		
		2.2319	2.3731	2.1323	2.437	2.2752	2.416	1.0483	1.056	1.282	0.2604	0.0283	0.0354		-0.0233	-0.0235	-0.0235	-0.0237	-0.0241	-0.024	-0.0252	-0.0241	-0.024	-0.0247	-0.0244	-0.0259		
		
~End
Original Filename: Data 11-08-17-143220.pda   Date Last Saved: 11/8/2017
