##BLOCKS= 1          
Plate:	Plate#1	1.3	PlateFormat	Endpoint	Absorbance	Raw	FALSE	1						2	450 620	1	12	96	1	8	None	
	Temperature(¡C)	1	2	3	4	5	6	7	8	9	10	11	12		1	2	3	4	5	6	7	8	9	10	11	12		
	22.40	0.6084	0.1037	1.6608	1.817	-0.0053	-0.005	-0.0052	-0.0053	-0.0056	-0.0053	-0.0057	-0.0057		0.0328	0.0324	0.0334	0.034	-0.0061	-0.0056	-0.0059	-0.0055	-0.0059	-0.0057	-0.0059	-0.0057		
		1.8863	0.095	0.8408	0.946	-0.0211	-0.0199	-0.0209	-0.0216	-0.0213	-0.022	-0.0213	-0.0234		0.0186	0.0175	0.0168	0.0161	-0.0217	-0.0226	-0.0218	-0.0228	-0.0216	-0.0238	-0.022	-0.0229		
		0.2089	0.211	0.0384	0.0564	-0.0348	-0.0258	-0.0356	-0.0262	-0.0356	-0.0268	-0.0367	-0.0274		0.0037	0.0124	0.0023	0.0141	-0.0368	-0.0263	-0.0368	-0.0269	-0.0366	-0.0274	-0.0368	-0.0269		
		0.3337	0.3218	0.0156	0.0413	-0.0477	-0.0349	-0.0477	-0.0358	-0.0481	-0.0357	-0.0487	-0.037		-0.0081	0.0031	-0.0099	0.0044	-0.0484	-0.0356	-0.0482	-0.0364	-0.0486	-0.0366	-0.0484	-0.0364		
		0.607	0.5788	0.0477	0.0609	-0.0522	-0.05	-0.0522	-0.0502	-0.0528	-0.0503	-0.0527	-0.0506		-0.0125	-0.0092	-0.0121	-0.0108	-0.052	-0.0494	-0.0523	-0.0497	-0.0521	-0.0495	-0.0522	-0.0499		
		0.7179	0.687	0.044	0.0582	-0.0522	-0.0517	-0.0522	-0.0517	-0.0525	-0.0517	-0.0525	-0.052		-0.0116	-0.0122	-0.013	-0.0118	-0.0517	-0.0511	-0.0517	-0.0509	-0.0519	-0.051	-0.0516	-0.0509		
		1.3659	1.215	1.4374	1.5053	-0.053	-0.0533	-0.0529	-0.0532	-0.053	-0.0533	-0.053	-0.0538		-0.0121	-0.0134	-0.0125	-0.0126	-0.0519	-0.0527	-0.0524	-0.0526	-0.0522	-0.0524	-0.0524	-0.0532		
		2.4699	2.1668	0.6138	0.7372	-0.0558	-0.0563	-0.056	-0.0562	-0.056	-0.0563	-0.0559	-0.0565		-0.0151	-0.0163	-0.0162	-0.0152	-0.0552	-0.0555	-0.0551	-0.0554	-0.0554	-0.0555	-0.0554	-0.0557		
		
~End
Original Filename: Data 06-26-17-162050.pda   Date Last Saved: 6/26/2017
