##BLOCKS= 1          
Plate:	Plate#1	1.3	PlateFormat	Endpoint	Absorbance	Raw	FALSE	1						2	450 620	1	12	96	1	8	None	
	Temperature(¡C)	1	2	3	4	5	6	7	8	9	10	11	12		1	2	3	4	5	6	7	8	9	10	11	12		
	22.90	3.3828	0.122	2.0135	1.9365	0.6038	0.5774	0.0082	0.0081	0.0081	0.0083	0.0083	0.0079		0.0455	0.0481	0.0485	0.0469	0.0517	0.0483	0.0078	0.0078	0.0078	0.008	0.0079	0.0075		
		2.0475	0.1016	1.2686	1.2372	1.8225	1.803	-0.0049	-0.0046	-0.0049	-0.0047	-0.005	-0.0047		0.0347	0.0344	0.0341	0.0348	0.0338	0.0341	-0.0045	-0.0051	-0.0047	-0.0048	-0.0043	-0.0053		
		1.0325	0.4433	2.1807	2.2047	0.4446	0.4713	-0.0166	-0.0077	-0.0165	-0.0084	-0.0164	-0.0081		0.025	0.0321	0.0218	0.03	0.0224	0.0294	-0.0157	-0.0087	-0.0161	-0.0081	-0.0155	-0.009		
		0.8486	0.4474	3.2345	3.2559	0.8449	0.7337	-0.0309	-0.015	-0.0312	-0.0154	-0.0312	-0.0162		0.0111	0.0239	0.0082	0.0243	0.0076	0.0222	-0.0303	-0.0158	-0.0312	-0.0159	-0.0303	-0.0161		
		0.4368	0.7153	3.5293	3.4607	0.2087	0.2011	-0.0414	-0.0359	-0.0413	-0.0361	-0.0413	-0.0362		-0.0022	0.0035	0	0.004	-0.0025	0.003	-0.0399	-0.0358	-0.0405	-0.0359	-0.0402	-0.0364		
		0.2446	0.8997	0.0684	0.0634	1.8651	1.8	-0.0471	-0.0463	-0.0473	-0.0466	-0.0469	-0.0466		-0.0069	-0.0061	-0.0073	-0.0074	-0.0067	-0.0062	-0.0454	-0.0459	-0.0453	-0.0457	-0.0452	-0.0461		
		2.1708	1.4759	0.067	0.0638	0.3815	0.3728	-0.0471	-0.049	-0.0477	-0.0491	-0.0475	-0.0494		-0.0064	-0.0094	-0.0059	-0.0097	-0.0086	-0.01	-0.0464	-0.048	-0.0464	-0.0481	-0.0462	-0.0483		
		0.5818	2.6643	1.4774	1.4065	1.0812	1.1393	-0.0498	-0.0499	-0.0502	-0.0503	-0.05	-0.0506		-0.0089	0.0013	-0.0102	-0.0111	-0.0102	0.0022	-0.0495	-0.0497	-0.0495	-0.0497	-0.0493	-0.0497		
		
~End
Original Filename: Data 05-20-17-170026.pda   Date Last Saved: 5/20/2017
