##BLOCKS= 1          
Plate:	Plate#1	1.3	PlateFormat	Endpoint	Absorbance	Raw	FALSE	1						2	450 620	1	12	96	1	8	None	
	Temperature(¡C)	1	2	3	4	5	6	7	8	9	10	11	12		1	2	3	4	5	6	7	8	9	10	11	12		
	37.00	0.4645	0.0971	0.5215	0.5118	0.4016	0.4208	-0.0046	-0.0046	-0.0046	-0.0047	-0.0046	-0.005		0.0328	0.0375	0.0346	0.0339	0.034	0.0332	-0.0045	-0.0047	-0.0046	-0.0048	-0.0047	-0.0048		
		1.5754	0.0859	0.3031	0.3272	0.3699	0.3818	-0.0202	-0.0115	-0.0201	-0.0114	-0.0201	-0.0118		0.019	0.0268	0.0252	0.0262	0.0175	0.0258	-0.0194	-0.0108	-0.0195	-0.0111	-0.0199	-0.011		
		0.1856	0.187	0.5286	0.542	0.3142	0.3236	-0.035	-0.0154	-0.0352	-0.0156	-0.0351	-0.0158		0.0031	0.0226	0.0031	0.0229	0.0053	0.0231	-0.0348	-0.0149	-0.0343	-0.0153	-0.0342	-0.0153		
		0.3162	0.2865	0.2824	0.2944	0.3276	0.3243	-0.0528	-0.0281	-0.0532	-0.0279	-0.0528	-0.0286		-0.0124	0.0131	-0.0142	0.0107	-0.0046	0.0092	-0.0522	-0.0269	-0.0523	-0.027	-0.0518	-0.0272		
		0.5347	0.5042	0.5214	0.5262	0.7304	0.7008	-0.0621	-0.0529	-0.0623	-0.0533	-0.0623	-0.0535		-0.0238	-0.0139	-0.0242	-0.0121	-0.0234	-0.0144	-0.061	-0.0516	-0.0613	-0.0517	-0.0609	-0.052		
		0.6839	0.5621	0.2206	0.2251	0.0618	0.036	-0.0633	-0.0627	-0.0639	-0.0631	-0.064	-0.0632		-0.0249	-0.0231	-0.0256	-0.0245	-0.0262	-0.0247	-0.0626	-0.0619	-0.0631	-0.0623	-0.0625	-0.062		
		1.2726	1.1258	0.5236	0.4936	0.1316	0.064	-0.0639	-0.0654	-0.0637	-0.0652	-0.064	-0.0655		-0.0249	-0.0278	-0.0256	-0.0275	-0.0238	-0.0077	-0.0633	-0.0641	-0.0632	-0.0644	-0.0629	-0.065		
		2.6459	2.2893	0.1987	0.2124	0.0716	0.0955	-0.0661	-0.0661	-0.066	-0.0659	-0.0661	-0.0663		-0.0174	-0.0254	-0.0249	-0.0259	-0.0267	-0.0095	-0.0653	-0.0652	-0.0654	-0.0652	-0.0651	-0.0655		
		
~End
Original Filename: Data 02-21-17-162313.pda   Date Last Saved: 2/21/2017
