##BLOCKS= 2          
Note:~End
Plate:	Plate#1	1.3	PlateFormat	Endpoint	Absorbance	Raw	FALSE	1						2	450 620	1	12	96	1	8	None	
	Temperature(¡C)	1	2	3	4	5	6	7	8	9	10	11	12		1	2	3	4	5	6	7	8	9	10	11	12		
	23.80	2.7495	1.5298	0.8099	0.6917	0.3513	0.2464	1.7243	0.4285	0.1116	-0.0091	-0.0092	-0.0098		0.0313	0.0305	0.0319	0.0305	0.0328	0.0298	0.03	0.0291	0.0294	-0.0093	-0.0094	-0.0095		
		2.7149	1.503	0.7636	0.6138	0.3115	0.2006	0.1901	0.9255	0.8841	-0.0239	-0.0245	-0.0248		0.0163	0.0147	0.0145	0.0147	0.0143	0.0137	0.0129	0.0155	0.0139	-0.0252	-0.0246	-0.0246		
		2.3586	2.2208	0.4465	0.4211	2.7379	2.5676	0.4496	0.4405	0.0637	-0.0293	-0.0419	-0.0303		0.0003	0.0086	-0.0028	0.0103	-0.0031	0.0096	-0.004	0.0095	-0.0039	-0.0294	-0.0419	-0.0291		
		2.7552	2.7233	0.5503	0.4978	2.3349	2.5289	0.4601	0.4397	0.0474	-0.0387	-0.0532	-0.0394		-0.0099	0.0013	-0.0122	0.001	-0.013	0.0001	-0.0145	-0.0004	-0.014	-0.0379	-0.0527	-0.0391		
		1.3045	1.4478	0.2356	0.2265	1.6917	1.7567	0.2912	0.2806	0.0424	-0.0529	-0.0558	-0.0533		-0.0153	-0.0108	-0.0145	-0.0136	-0.016	-0.0127	-0.0154	-0.0143	-0.0171	-0.052	-0.0549	-0.0522		
		1.6644	1.6481	0.2546	0.2411	1.4015	1.5249	0.2246	0.209	0.0179	-0.0541	-0.0549	-0.0544		-0.0143	-0.0145	-0.0157	-0.0151	-0.0159	-0.0138	-0.0159	-0.0152	-0.0119	-0.0534	-0.0542	-0.0533		
		2.9339	2.8872	0.5607	0.5338	2.4788	2.3393	0.416	0.3734	0.0444	-0.0561	-0.0558	-0.0568		-0.0161	-0.0159	-0.0164	-0.0172	-0.0155	-0.0164	-0.0178	-0.0174	-0.0065	-0.0554	-0.0553	-0.0556		
		2.8763	3.0919	0.5752	0.5856	2.6378	2.6506	0.4153	0.3851	0.0304	-0.0586	-0.0586	-0.0592		-0.0175	-0.018	-0.0179	-0.0184	-0.017	-0.0184	-0.019	-0.0196	-0.0185	-0.058	-0.0579	-0.0581		
		
~End
Original Filename: Data 10-19-17-142829.pda   Date Last Saved: 10/19/2017
