##BLOCKS= 2          
Note:~End
Plate:	Plate#1	1.3	PlateFormat	Endpoint	Absorbance	Raw	FALSE	1						2	650 420	1	12	96	1	8	None	
	Temperature(¡C)	1	2	3	4	5	6	7	8	9	10	11	12		1	2	3	4	5	6	7	8	9	10	11	12		
	25.70	0.039	0.0374	0.0372	0.0376	0.038	0.0365	0.0358	0.0352	0.0353	0.0357	0.0362	0.0357		1.4188	0.7344	0.4195	0.3055	0.1789	0.132	1.4696	0.7306	0.375	0.3387	0.1903	0.13		
		0.0204	0.0255	0.0236	0.0261	0.0239	0.0242	0.0212	0.0232	0.0214	0.0241	0.0224	0.0238		0.0508	0.0631	0.067	0.0757	0.0608	0.0712	0.0647	0.0726	0.0603	0.0743	0.2439	0.0561		
		0.0079	0.0253	0.0119	0.0231	0.0112	0.0249	0.0106	0.0219	0.0106	0.0214	0.0106	0.0211		0.1221	0.2342	0.1266	0.1251	0.1697	0.1124	0.095	0.1055	0.1578	0.1466	0.7964	0.0505		
		-0.0033	0.0161	-0.0032	0.0158	-0.0042	0.0151	-0.0061	0.0145	-0.0045	0.0134	-0.005	0.0141		0.1795	0.1601	0.1059	0.1154	0.1234	0.1237	0.1149	0.1013	0.1391	0.2074	0.4834	0.4801		
		-0.0131	-0.0056	-0.0127	-0.0034	-0.0131	-0.0067	-0.0147	-0.0078	-0.0133	-0.0076	-0.0124	-0.0076		0.4606	0.5293	0.3826	0.4201	0.329	0.3915	0.3144	0.3382	0.1733	0.1727	0.5002	0.4898		
		-0.0175	-0.0157	-0.0184	-0.0165	-0.0192	-0.0182	-0.0201	-0.0181	-0.0204	-0.0184	-0.0196	-0.0192		0.166	0.1862	0.2111	0.2315	0.5235	0.5658	0.721	0.7485	0.5153	0.5532	0.1476	0.1389		
		-0.0175	-0.0187	-0.0168	-0.0207	-0.0201	-0.0207	-0.0215	-0.02	-0.0207	-0.0212	-0.0174	-0.0186		0.155	0.1708	0.4306	0.4412	0.3162	0.3391	0.3049	0.3086	0.5275	0.5555	0.754	0.7847		
		-0.0187	-0.0185	-0.0196	-0.0191	-0.0202	-0.0211	-0.0229	-0.0221	-0.022	-0.023	-0.0218	-0.0223		0.638	0.6996	1.7202	0.3787	1.6997	0.4478	0.8235	0.182	0.7057	0.1399	1.5797	0.4479		
		
~End
Original Filename: Data 02-22-18-143459.pda   Date Last Saved: 2/22/2018
