##BLOCKS= 2          
Note:~End
Plate:	Plate#1	1.3	PlateFormat	Endpoint	Absorbance	Raw	FALSE	1						2	450 620	1	12	96	1	8	None	
	Temperature(¡C)	1	2	3	4	5	6	7	8	9	10	11	12		1	2	3	4	5	6	7	8	9	10	11	12		
	23.80	2.3839	1.248	0.6979	0.5741	0.3333	0.2098	1.5331	0.4352	0.0807	0.0803	0.8286	0.9518		0.0339	0.0329	0.0322	0.0329	0.0325	0.0311	0.0319	0.0323	0.0315	0.0314	0.0327	0.0321		
		2.3594	1.2797	0.6613	0.5492	0.31	0.1887	3.2733	3.3231	1.1444	1.3071	3.0814	3.168		0.021	0.0187	0.0201	0.0168	0.0192	0.0172	0.02	0.0173	0.0184	0.0167	0.0211	0.0185		
		0.8744	0.9382	2.812	2.7307	0.6684	0.6334	1.6974	1.6369	0.3709	0.4073	0.4847	0.5045		0.01	0.0135	0.0098	0.0159	0.0077	0.0149	0.0087	0.0151	0.0072	0.0129	0.0074	0.0137		
		3.3382	3.2786	2.1192	1.3271	0.8232	0.4284	0.2296	0.1313	0.0719	0.0484	0.1176	0.1214		-0.0022	0.0091	-0.0066	0.0079	-0.0001	0.0065	0.0018	0.0057	-0.0079	0.0061	-0.008	0.0066		
		3.3776	3.2868	2.1025	1.3056	0.7946	0.393	0.1873	0.1092	0.0374	0.021	0.0218	0.0202		-0.0133	-0.008	-0.0159	-0.0137	-0.0151	-0.0148	-0.0155	-0.0148	-0.0163	-0.0144	-0.0171	-0.0138		
		3.3795	3.2667	2.1093	1.3173	0.7745	0.3899	0.1834	0.1083	0.0448	0.0234	0.0267	0.0233		-0.0156	-0.0188	-0.0206	-0.0203	-0.0205	-0.0148	-0.0211	-0.0208	-0.0211	-0.0214	-0.0212	-0.0213		
		3.3884	3.1909	2.0197	1.1863	0.7778	0.3642	0.1706	0.0962	0.0575	0.0151	0.0289	0.0181		-0.0192	-0.0066	-0.0204	-0.0222	-0.0205	-0.0231	-0.022	-0.0231	-0.0218	-0.0236	-0.0226	-0.0231		
		0.2348	0.2427	0.4005	0.398	0.5718	0.5531	0.8446	0.9153	1.3844	1.4329	0.024	0.0281		-0.0234	-0.0235	-0.0233	-0.0236	-0.0237	-0.0243	-0.0233	-0.0237	-0.0229	-0.0242	-0.0246	-0.0237		
		
~End
Original Filename: Data 11-10-17-151242.pda   Date Last Saved: 11/10/2017
