##BLOCKS= 1          
Plate:	Plate#1	1.3	PlateFormat	Endpoint	Absorbance	Raw	FALSE	1						2	450 620	1	12	96	1	8	None	
	Temperature(¡C)	1	2	3	4	5	6	7	8	9	10	11	12		1	2	3	4	5	6	7	8	9	10	11	12		
	22.90	0.5529	0.131	0.8415	0.8962	1.2401	-0.0013	-0.0012	-0.0014	-0.0014	-0.0014	-0.0012	-0.0015		0.0371	0.0361	0.0377	0.0372	0.0372	-0.0017	-0.0017	-0.0015	-0.0013	-0.0018	-0.0017	-0.0021		
		1.9127	0.0997	0.4481	0.453	1.2713	-0.0139	-0.0129	-0.0141	-0.0137	-0.0141	-0.0134	-0.014		0.0268	0.0242	0.0248	0.0237	0.0258	-0.0134	-0.0128	-0.0138	-0.0132	-0.0138	-0.0132	-0.0143		
		0.2081	0.2074	0.6571	0.6489	1.7203	-0.0169	-0.0255	-0.0176	-0.0255	-0.0179	-0.0254	-0.0175		0.0142	0.0213	0.0133	0.022	0.0154	-0.0179	-0.0241	-0.0175	-0.0244	-0.0174	-0.0243	-0.0181		
		0.3645	0.3183	0.7713	0.8812	1.628	-0.0253	-0.0411	-0.0263	-0.0406	-0.0265	-0.0407	-0.0263		-0.0001	0.0147	-0.0003	0.0124	-0.0004	-0.0259	-0.0389	-0.0263	-0.0393	-0.026	-0.0394	-0.0264		
		0.6433	0.5458	1.571	1.6068	2.0254	-0.0467	-0.0483	-0.0467	-0.0481	-0.047	-0.0481	-0.0467		-0.0043	-0.0026	-0.0082	-0.0061	-0.0084	-0.0467	-0.0472	-0.0456	-0.0473	-0.0458	-0.0467	-0.046		
		0.8128	0.6841	2.0609	2.1799	2.0317	-0.054	-0.0522	-0.0539	-0.0516	-0.053	-0.0518	-0.0537		-0.0121	-0.0131	-0.0119	-0.0139	-0.0119	-0.0519	-0.0511	-0.0522	-0.051	-0.0522	-0.0506	-0.0525		
		1.562	1.3016	0.484	0.559	0.5974	-0.0564	-0.0537	-0.056	-0.0535	-0.0558	-0.0532	-0.056		0.0062	-0.0144	-0.0151	-0.0159	-0.0145	-0.0544	-0.0526	-0.055	-0.0529	-0.055	-0.0522	-0.0552		
		3.0279	2.3719	0.664	0.786	0.5453	-0.0583	-0.0573	-0.0574	-0.057	-0.0574	-0.0569	-0.0574		-0.0153	-0.0134	-0.0171	-0.0164	-0.0156	-0.0559	-0.0561	-0.0562	-0.0562	-0.0566	-0.0561	-0.0565		
		
~End
Original Filename: Data 06-01-17-141840.pda   Date Last Saved: 6/1/2017
