##BLOCKS= 1          
Plate:	Plate#1	1.3	PlateFormat	Endpoint	Absorbance	Raw	FALSE	1						2	450 620	1	12	96	1	8	None	
	Temperature(¡C)	1	2	3	4	5	6	7	8	9	10	11	12		1	2	3	4	5	6	7	8	9	10	11	12		
	23.10	0.5291	0.1548	0.7894	0.9471	0.8558	0.885	-0.0107	-0.0103	-0.0105	-0.0105	-0.0106	-0.0107		0.0277	0.0282	0.033	0.0311	0.0314	0.0312	-0.0103	-0.0101	-0.0101	-0.0101	-0.0103	-0.0104		
		1.5144	0.1316	0.8037	0.768	0.1905	0.2524	-0.0243	-0.0238	-0.0242	-0.0241	-0.0244	-0.0242		0.015	0.0157	0.0145	0.0196	0.0147	0.0183	-0.0237	-0.0229	-0.0237	-0.0232	-0.0238	-0.0235		
		0.266	0.237	0.7443	0.8375	0.2347	0.2516	-0.0362	-0.0276	-0.0365	-0.028	-0.0365	-0.0282		0.0061	0.0111	0.0039	0.0106	0.0024	0.0111	-0.0356	-0.0264	-0.0356	-0.0272	-0.0358	-0.0278		
		0.3643	0.3426	0.6414	0.6375	0.1858	0.2363	-0.0497	-0.037	-0.0502	-0.0369	-0.0503	-0.0373		-0.0059	0.0047	-0.0105	0.0019	-0.0109	0.0345	-0.0492	-0.0361	-0.0493	-0.0365	-0.0491	-0.0365		
		0.6198	0.4787	0.6178	0.5966	0.852	0.4957	-0.0588	-0.056	-0.0589	-0.056	-0.0591	-0.056		-0.0146	-0.0155	-0.0194	-0.0169	0.0224	-0.0162	-0.0579	-0.0543	-0.0581	-0.0544	-0.0581	-0.055		
		0.7766	0.6382	0.631	0.6131	0.4687	0.5473	-0.0641	-0.0628	-0.0639	-0.0628	-0.0638	-0.0626		-0.0229	-0.0239	-0.0243	-0.0225	-0.0249	0.0001	-0.0627	-0.0615	-0.063	-0.0608	-0.063	-0.0617		
		1.2969	1.1216	0.6296	0.673	0.3991	0.4136	-0.0634	-0.0662	-0.0631	-0.066	-0.0629	-0.0663		-0.0242	-0.0268	-0.0236	-0.0266	-0.0073	-0.027	-0.0619	-0.0645	-0.0622	-0.0653	-0.0622	-0.0651		
		2.4244	2.1012	0.6289	0.7809	0.5687	0.6802	-0.065	-0.0652	-0.0645	-0.0647	-0.0648	-0.0653		-0.0241	-0.0237	-0.0247	-0.0246	-0.024	-0.0126	-0.0635	-0.0637	-0.0638	-0.0639	-0.0639	-0.0644		
		
~End
Original Filename: Data 02-28-17-151446.pda   Date Last Saved: 2/28/2017
