##BLOCKS= 2          
Note:~End
Plate:	Plate#1	1.3	PlateFormat	Endpoint	Absorbance	Raw	FALSE	1						2	450 620	1	12	96	1	8	None	
	Temperature(¡C)	1	2	3	4	5	6	7	8	9	10	11	12		1	2	3	4	5	6	7	8	9	10	11	12		
	24.20	2.6565	1.3903	0.8468	0.5826	0.3582	0.2262	1.7759	0.3913	0.0995	0.1057	1.2878	1.3231		0.0493	0.049	0.0485	0.0483	0.0488	0.0481	0.0478	0.0497	0.0483	0.0497	0.0486	0.048		
		2.5248	1.3112	0.716	0.5686	0.1934	0.3004	0.3006	0.3083	0.2546	0.2493	0.2375	0.2627		0.0341	0.0345	0.0322	0.0339	0.0318	0.0336	0.0352	0.0344	0.0319	0.0342	0.0318	0.0341		
		0.2781	0.2623	0.154	0.1904	0.1962	0.2019	0.1938	0.2052	0.1829	0.4777	0.1428	0.165		0.0168	0.0262	0.0135	0.0499	0.0133	0.03	0.0121	0.0297	0.0135	0.0287	0.0134	0.0297		
		0.0676	0.0869	0.1253	0.1335	0.0851	0.0985	0.0913	0.1007	0.1065	0.1163	0.0952	0.1211		0.007	0.0213	0.006	0.0207	0.0051	0.0203	0.0045	0.0219	0.0049	0.0218	0.0048	0.0221		
		0.0837	0.1034	0.6373	0.5305	0.6396	0.6206	0.6386	0.5894	0.5503	0.5866	0.4211	0.4047		0.0039	0.0103	0.0066	0.0076	0.005	0.0076	0.0038	0.008	0.0037	0.008	0.0044	0.0071		
		0.4124	0.3676	0.3975	0.3497	0.3221	0.3426	0.3096	0.284	0.2969	0.3694	0.3257	0.318		0.0056	0.0068	0.005	0.0068	0.0071	0.0056	0.0047	0.0058	0.004	0.0083	0.0062	0.0069		
		0.3249	0.2839	0.2672	0.2349	0.208	0.211	0.2052	0.2121	0.2122	0.1992	0.0367	0.0558		0.0048	0.0052	0.0046	0.0041	0.0049	0.0039	0.0037	0.005	0.0038	0.0055	0.0056	0.0055		
		0.432	0.3981	0.9837	0.8125	0.0374	0.0477	0.0333	0.0296	0.0265	0.0415	0.0345	0.0337		0.0031	0.0029	0.0028	0.0019	0.0027	0.0012	0.0019	0.002	0.0011	0.0025	0.0023	0.0017		
		
~End
Original Filename: Data 10-26-17-175226.pda   Date Last Saved: 10/26/2017
