##BLOCKS= 1          
Plate:	Plate#1	1.3	PlateFormat	Endpoint	Absorbance	Raw	FALSE	1						1	450	1	12	96	1	8	None	
	Temperature(¡C)	1	2	3	4	5	6	7	8	9	10	11	12		
	23.10	1.9471	1.9623	1.8003	1.9297	1.2798	1.3445	0.7019	0.7343	0.3602	0.3245	0.1558	0.1147		
		0.0458	0.0459	0.0499	0.0501	0.0676	0.0815	0.0599	0.3271	0.0805	0.0771	0.0562	0.0467		
		0.0881	0.085	0.0817	0.0812	0.0497	0.0559	0.0394	0.0494	1.7694	1.7195	0.6792	0.6072		
		0.0389	0.0396	0.0323	0.0496	0.0332	0.0345	0.0262	0.0458	0.0953	0.0723	0.0306	0.0487		
		0.2676	0.2901	0.08	0.0834	0.7997	0.7821	0.2305	0.2473	0.0406	0.0166	0.0192	0.0138		
		1.193	1.2547	0.4185	0.4015	1.9204	1.9983	1.1041	1.154	1.3505	1.3854	0.5053	0.502		
		0.0692	0.0793	0.0118	0.0183	0.7133	0.689	0.2288	0.2321	1.3829	1.367	0.451	0.4285		
		0.0079	0.0153	0.0097	-0.0022	0.0161	0.0022	0.0049	0.0207	0.1816	0.1746	0.0444	0.0272		
		
~End
Original Filename: Data 10-13-16-172107.pda   Date Last Saved: 10/13/2016
