##BLOCKS= 1          
Plate:	Plate#1	1.3	PlateFormat	Endpoint	Absorbance	Raw	FALSE	1						1	450	1	12	96	1	8	None	
	Temperature(¡C)	1	2	3	4	5	6	7	8	9	10	11	12		
	23.30	1.416	1.2077	0.6807	0.3606	0.1758	0.0977	0.0725	0.0551	0.0561	0.084	0.0576	0.0536		
		1.147	0.3381	0.3612	2.3396	2.3168	2.3328	0.2237	0.0652	0.065	0.078	0.0497	0.0469		
		2.1455	2.3078	2.2518	0.1394	0.0431	0.051	2.3915	2.4507	2.364	0.081	0.0383	0.0529		
		2.0998	0.8601	0.8618	2.5722	1.2984	1.3772	0.0259	0.0362	0.026	0.3718	0.0675	0.0656		
		2.148	0.7019	0.7175	2.2343	0.6558	0.7067	0.785	0.1215	0.1063	2.0654	0.8592	0.7891		
		0.021	0.0091	0.008	0.0059	0.0045	0.0884	0.0835	0.0186	0.0162	0.0034	0.0038	2.2192		
		0.009	0.0077	0.0689	0.0704	0.0122	0.0088	0.1811	0.1611	0.0268	0.0248	0.0062	0.0031		
		2.0666	1.3269	0.8143	0.3012	0.1111	0.0363	0.0199	2.4073	2.6564	2.3002	2.2812	2.3457		
		
~End
Original Filename: Data 02-02-17-175627.pda   Date Last Saved: 2/2/2017
